{
    "form_0": {
        "rank": 2, 
        "num_coefficients": 0, 
        "has_cell_integrals": 1, 
        "has_exterior_facet_integrals": 1, 
        "has_interior_facet_integrals": 1, 
        "has_vertex_integrals": 0, 
        "max_cell_subdomain_id": 0, 
        "max_exterior_facet_subdomain_id": 0, 
        "max_interior_facet_subdomain_id": 0, 
        "max_vertex_subdomain_id": 0, 
        "finite_element_0": {
            "cell_shape": 1, 
            "space_dimension": 3, 
            "value_rank": 0, 
            "evaluate_basis:_0": [1.4718852622922434e+00], 
            "evaluate_basis:_1": [2.0266705413493233e+00], 
            "evaluate_basis:_2": [-2.4985557203629258e+00], 
            "evaluate_basis_all": [1.4718852622922434e+00, 2.0266705413493233e+00, -2.4985557203629258e+00, 0.0, 0.0, 0.0, 0.0, 0.0, 0.0, 0.0, 0.0, 0.0], 
            "evaluate_basis_derivatives_0_0": [1.4718852622922434e+00], 
            "evaluate_basis_derivatives_0_1": [8.5585277568607676e-02, -2.2787085025842555e+00], 
            "evaluate_basis_derivatives_0_2": [0.0, 0.0, 0.0, 0.0], 
            "evaluate_basis_derivatives_1_0": [2.0266705413493233e+00], 
            "evaluate_basis_derivatives_1_1": [-2.3642938479375970e+00, 4.4932274890774304e-01], 
            "evaluate_basis_derivatives_1_2": [0.0, 0.0, 0.0, 0.0], 
            "evaluate_basis_derivatives_2_0": [-2.4985557203629258e+00], 
            "evaluate_basis_derivatives_2_1": [2.2787085020077340e+00, 1.8293856987949413e+00], 
            "evaluate_basis_derivatives_2_2": [0.0, 0.0, 0.0, 0.0], 
            "evaluate_basis_derivatives_all_0": [1.4718852622922434e+00, 2.0266705413493233e+00, -2.4985557203629258e+00], 
            "evaluate_basis_derivatives_all_1": [8.5585277568607676e-02, -2.2787085025842555e+00, -2.3642938479375970e+00, 4.4932274890774304e-01, 2.2787085020077340e+00, 1.8293856987949413e+00], 
            "evaluate_basis_derivatives_all_2": [0.0, 0.0, 0.0, 0.0, 0.0, 0.0, 0.0, 0.0, 0.0, 0.0, 0.0, 0.0], 
            "evaluate_dof_0": 3.0792300000000006e-01, 
            "evaluate_dof_1": 4.3028700000000003e-01, 
            "evaluate_dof_2": 7.7282099999999998e-01, 
            "evaluate_dofs": [3.0792300000000006e-01, 4.3028700000000003e-01, 7.7282099999999998e-01], 
            "interpolate_vertex_values": [3.0792300000000006e-01, 4.3028700000000003e-01, 7.7282099999999998e-01], 
            "tabulate_dof_coordinates": [9.0300000000000002e-01, 3.4100000000000003e-01, 5.6100000000000005e-01, 7.6700000000000002e-01, 9.8699999999999999e-01, 7.8300000000000003e-01], 
            "num_sub_elements": 0, 
        },
        "finite_element_1": {
            "cell_shape": 1, 
            "space_dimension": 3, 
            "value_rank": 0, 
            "evaluate_basis:_0": [1.4718852622922434e+00], 
            "evaluate_basis:_1": [2.0266705413493233e+00], 
            "evaluate_basis:_2": [-2.4985557203629258e+00], 
            "evaluate_basis_all": [1.4718852622922434e+00, 2.0266705413493233e+00, -2.4985557203629258e+00, 0.0, 0.0, 0.0, 0.0, 0.0, 0.0, 0.0, 0.0, 0.0], 
            "evaluate_basis_derivatives_0_0": [1.4718852622922434e+00], 
            "evaluate_basis_derivatives_0_1": [8.5585277568607676e-02, -2.2787085025842555e+00], 
            "evaluate_basis_derivatives_0_2": [0.0, 0.0, 0.0, 0.0], 
            "evaluate_basis_derivatives_1_0": [2.0266705413493233e+00], 
            "evaluate_basis_derivatives_1_1": [-2.3642938479375970e+00, 4.4932274890774304e-01], 
            "evaluate_basis_derivatives_1_2": [0.0, 0.0, 0.0, 0.0], 
            "evaluate_basis_derivatives_2_0": [-2.4985557203629258e+00], 
            "evaluate_basis_derivatives_2_1": [2.2787085020077340e+00, 1.8293856987949413e+00], 
            "evaluate_basis_derivatives_2_2": [0.0, 0.0, 0.0, 0.0], 
            "evaluate_basis_derivatives_all_0": [1.4718852622922434e+00, 2.0266705413493233e+00, -2.4985557203629258e+00], 
            "evaluate_basis_derivatives_all_1": [8.5585277568607676e-02, -2.2787085025842555e+00, -2.3642938479375970e+00, 4.4932274890774304e-01, 2.2787085020077340e+00, 1.8293856987949413e+00], 
            "evaluate_basis_derivatives_all_2": [0.0, 0.0, 0.0, 0.0, 0.0, 0.0, 0.0, 0.0, 0.0, 0.0, 0.0, 0.0], 
            "evaluate_dof_0": 3.0792300000000006e-01, 
            "evaluate_dof_1": 4.3028700000000003e-01, 
            "evaluate_dof_2": 7.7282099999999998e-01, 
            "evaluate_dofs": [3.0792300000000006e-01, 4.3028700000000003e-01, 7.7282099999999998e-01], 
            "interpolate_vertex_values": [3.0792300000000006e-01, 4.3028700000000003e-01, 7.7282099999999998e-01], 
            "tabulate_dof_coordinates": [9.0300000000000002e-01, 3.4100000000000003e-01, 5.6100000000000005e-01, 7.6700000000000002e-01, 9.8699999999999999e-01, 7.8300000000000003e-01], 
            "num_sub_elements": 0, 
        },
        "dofmap_0": {
            "needs_mesh_entities_0": 0, 
            "needs_mesh_entities_1": 0, 
            "needs_mesh_entities_2": 1, 
            "global_dimension": 30009, 
            "num_element_dofs": 3, 
            "num_facet_dofs": 0, 
            "num_entity_dofs_0": 0, 
            "num_entity_dofs_1": 0, 
            "num_entity_dofs_2": 3, 
            "tabulate_dofs": [0, 1, 2], 
            "tabulate_facet_dofs_0": [], 
            "tabulate_facet_dofs_1": [], 
            "tabulate_facet_dofs_2": [], 
            "tabulate_entity_dofs_0_0": [], 
            "tabulate_entity_dofs_0_1": [], 
            "tabulate_entity_dofs_0_2": [], 
            "tabulate_entity_dofs_1_0": [], 
            "tabulate_entity_dofs_1_1": [], 
            "tabulate_entity_dofs_1_2": [], 
            "tabulate_entity_dofs_2_0": [0, 1, 2], 
            "num_sub_dofmaps": 0, 
        },
        "dofmap_1": {
            "needs_mesh_entities_0": 0, 
            "needs_mesh_entities_1": 0, 
            "needs_mesh_entities_2": 1, 
            "global_dimension": 30009, 
            "num_element_dofs": 3, 
            "num_facet_dofs": 0, 
            "num_entity_dofs_0": 0, 
            "num_entity_dofs_1": 0, 
            "num_entity_dofs_2": 3, 
            "tabulate_dofs": [0, 1, 2], 
            "tabulate_facet_dofs_0": [], 
            "tabulate_facet_dofs_1": [], 
            "tabulate_facet_dofs_2": [], 
            "tabulate_entity_dofs_0_0": [], 
            "tabulate_entity_dofs_0_1": [], 
            "tabulate_entity_dofs_0_2": [], 
            "tabulate_entity_dofs_1_0": [], 
            "tabulate_entity_dofs_1_1": [], 
            "tabulate_entity_dofs_1_2": [], 
            "tabulate_entity_dofs_2_0": [0, 1, 2], 
            "num_sub_dofmaps": 0, 
        },
        "default_cell_integral": 1, 
        "cell_integral": {
            "tabulate_tensor": [4.8604959667929037e-01, -1.1462010826539998e-01, -3.7142948841389040e-01, -1.1462010826539998e-01, 5.4138049083167528e-01, -4.2676038256627530e-01, -3.7142948841389040e-01, -4.2676038256627530e-01, 7.9818987098016569e-01], 
        },
        "default_exterior_facet_integral": 1, 
        "exterior_facet_integral": {
            "tabulate_tensor_0": [0.0, 4.8604959667929043e-01, 4.8604959667929043e-01, 4.8604959667929043e-01, 1.7990697533293003e+00, 5.2810541867540972e-01, 4.8604959667929043e-01, 5.2810541867540972e-01, 1.2854509930323195e+00], 
            "tabulate_tensor_1": [1.9114081439693009e+00, 5.4138049083167517e-01, 5.2894372152810110e-01, 5.4138049083167517e-01, 0.0, 5.4138049083167517e-01, 5.2894372152810121e-01, 5.4138049083167517e-01, 1.2871275953675507e+00], 
            "tabulate_tensor_2": [1.8563855488679222e+00, 5.0143243085635403e-01, 7.9818987098016558e-01, 5.0143243085635403e-01, 1.7457237605631521e+00, 7.9818987098016558e-01, 7.9818987098016558e-01, 7.9818987098016558e-01, 0.0], 
        },
        "default_interior_facet_integral": 1, 
        "interior_facet_integral": {
            "tabulate_tensor_0_0": [0.0, 2.4302479833964521e-01, 2.4302479833964521e-01, 0.0, -2.4302479833964521e-01, -2.4302479833964521e-01, 2.4302479833964521e-01, 8.9953487666465015e-01, 2.6405270933770475e-01, -2.4302479833964519e-01, -7.7113018659040500e-01, -3.9245739941194996e-01, 2.4302479833964521e-01, 2.6405270933770475e-01, 6.4272549651615973e-01, -2.4302479833964519e-01, -1.3564801926345951e-01, -7.7113018659040500e-01, 0.0, -2.4302479833964519e-01, -2.4302479833964519e-01, 0.0, 2.4302479833964513e-01, 2.4302479833964513e-01, -2.4302479833964521e-01, -7.7113018659040500e-01, -1.3564801926345951e-01, 2.4302479833964513e-01, 6.4272549651615973e-01, 2.6405270933770475e-01, -2.4302479833964521e-01, -3.9245739941194996e-01, -7.7113018659040500e-01, 2.4302479833964513e-01, 2.6405270933770475e-01, 8.9953487666465026e-01], 
            "tabulate_tensor_0_1": [0.0, 2.4302479833964521e-01, 2.4302479833964521e-01, -2.4302479833964521e-01, 0.0, -2.4302479833964521e-01, 2.4302479833964521e-01, 8.9953487666465015e-01, 2.6405270933770475e-01, -7.7113018659040511e-01, -2.4302479833964519e-01, -3.9245739941194996e-01, 2.4302479833964521e-01, 2.6405270933770475e-01, 6.4272549651615973e-01, -1.3564801926345954e-01, -2.4302479833964519e-01, -7.7113018659040489e-01, -2.4302479833964521e-01, -7.7113018659040511e-01, -1.3564801926345954e-01, 6.4272549651615973e-01, 2.4302479833964519e-01, 2.6405270933770475e-01, 0.0, -2.4302479833964519e-01, -2.4302479833964519e-01, 2.4302479833964519e-01, 0.0, 2.4302479833964519e-01, -2.4302479833964521e-01, -3.9245739941194996e-01, -7.7113018659040489e-01, 2.6405270933770475e-01, 2.4302479833964519e-01, 8.9953487666465026e-01], 
            "tabulate_tensor_0_2": [0.0, 2.4302479833964521e-01, 2.4302479833964521e-01, -2.4302479833964521e-01, -2.4302479833964521e-01, 0.0, 2.4302479833964521e-01, 8.9953487666465015e-01, 2.6405270933770475e-01, -7.7113018659040500e-01, -3.9245739941194990e-01, -2.4302479833964519e-01, 2.4302479833964521e-01, 2.6405270933770475e-01, 6.4272549651615973e-01, -1.3564801926345960e-01, -7.7113018659040489e-01, -2.4302479833964519e-01, -2.4302479833964521e-01, -7.7113018659040500e-01, -1.3564801926345960e-01, 6.4272549651615973e-01, 2.6405270933770475e-01, 2.4302479833964519e-01, -2.4302479833964521e-01, -3.9245739941194990e-01, -7.7113018659040489e-01, 2.6405270933770475e-01, 8.9953487666465026e-01, 2.4302479833964519e-01, 0.0, -2.4302479833964519e-01, -2.4302479833964519e-01, 2.4302479833964519e-01, 2.4302479833964519e-01, 0.0], 
            "tabulate_tensor_1_0": [9.5570407198465002e-01, 2.7069024541583758e-01, 2.6447186076405033e-01, -2.7069024541583742e-01, -7.9963393483421263e-01, -4.2054199791448788e-01, 2.7069024541583758e-01, 0.0, 2.7069024541583758e-01, 0.0, -2.7069024541583758e-01, -2.7069024541583758e-01, 2.6447186076405038e-01, 2.7069024541583758e-01, 6.4356379768377492e-01, -2.7069024541583742e-01, -1.0840172361361294e-01, -7.9963393483421241e-01, -2.7069024541583742e-01, 0.0, -2.7069024541583742e-01, 0.0, 2.7069024541583747e-01, 2.7069024541583747e-01, -7.9963393483421263e-01, -2.7069024541583758e-01, -1.0840172361361294e-01, 2.7069024541583747e-01, 6.4356379768377525e-01, 2.6447186076405044e-01, -4.2054199791448788e-01, -2.7069024541583758e-01, -7.9963393483421252e-01, 2.7069024541583747e-01, 2.6447186076405044e-01, 9.5570407198464991e-01], 
            "tabulate_tensor_1_1": [9.5570407198465002e-01, 2.7069024541583758e-01, 2.6447186076405033e-01, -7.9963393483421263e-01, -2.7069024541583747e-01, -4.2054199791448788e-01, 2.7069024541583758e-01, 0.0, 2.7069024541583758e-01, -2.7069024541583758e-01, 0.0, -2.7069024541583758e-01, 2.6447186076405038e-01, 2.7069024541583758e-01, 6.4356379768377492e-01, -1.0840172361361286e-01, -2.7069024541583747e-01, -7.9963393483421241e-01, -7.9963393483421252e-01, -2.7069024541583758e-01, -1.0840172361361286e-01, 6.4356379768377514e-01, 2.7069024541583747e-01, 2.6447186076405044e-01, -2.7069024541583747e-01, 0.0, -2.7069024541583747e-01, 2.7069024541583747e-01, 0.0, 2.7069024541583747e-01, -4.2054199791448793e-01, -2.7069024541583758e-01, -7.9963393483421252e-01, 2.6447186076405044e-01, 2.7069024541583747e-01, 9.5570407198464991e-01], 
            "tabulate_tensor_1_2": [9.5570407198465002e-01, 2.7069024541583758e-01, 2.6447186076405033e-01, -7.9963393483421263e-01, -4.2054199791448788e-01, -2.7069024541583747e-01, 2.7069024541583758e-01, 0.0, 2.7069024541583758e-01, -2.7069024541583758e-01, -2.7069024541583758e-01, 0.0, 2.6447186076405038e-01, 2.7069024541583758e-01, 6.4356379768377492e-01, -1.0840172361361292e-01, -7.9963393483421241e-01, -2.7069024541583747e-01, -7.9963393483421252e-01, -2.7069024541583758e-01, -1.0840172361361294e-01, 6.4356379768377492e-01, 2.6447186076405044e-01, 2.7069024541583747e-01, -4.2054199791448788e-01, -2.7069024541583758e-01, -7.9963393483421241e-01, 2.6447186076405044e-01, 9.5570407198465002e-01, 2.7069024541583747e-01, -2.7069024541583747e-01, 0.0, -2.7069024541583747e-01, 2.7069024541583747e-01, 2.7069024541583747e-01, 0.0], 
            "tabulate_tensor_2_0": [9.2819277443396064e-01, 2.5071621542817679e-01, 3.9909493549008279e-01, -3.9909493549008268e-01, -9.0052732735776830e-01, -2.7838166250436924e-01, 2.5071621542817679e-01, 8.7286188028157563e-01, 3.9909493549008279e-01, -3.9909493549008268e-01, -2.2305076835198451e-01, -9.0052732735776797e-01, 3.9909493549008279e-01, 3.9909493549008279e-01, 0.0, 0.0, -3.9909493549008279e-01, -3.9909493549008279e-01, -3.9909493549008268e-01, -3.9909493549008268e-01, 0.0, 0.0, 3.9909493549008268e-01, 3.9909493549008268e-01, -9.0052732735776830e-01, -2.2305076835198451e-01, -3.9909493549008279e-01, 3.9909493549008268e-01, 8.7286188028157641e-01, 2.5071621542817712e-01, -2.7838166250436924e-01, -9.0052732735776797e-01, -3.9909493549008279e-01, 3.9909493549008268e-01, 2.5071621542817712e-01, 9.2819277443396075e-01], 
            "tabulate_tensor_2_1": [9.2819277443396064e-01, 2.5071621542817679e-01, 3.9909493549008279e-01, -9.0052732735776841e-01, -3.9909493549008268e-01, -2.7838166250436935e-01, 2.5071621542817679e-01, 8.7286188028157563e-01, 3.9909493549008279e-01, -2.2305076835198467e-01, -3.9909493549008268e-01, -9.0052732735776841e-01, 3.9909493549008279e-01, 3.9909493549008279e-01, 0.0, -3.9909493549008290e-01, 0.0, -3.9909493549008290e-01, -9.0052732735776853e-01, -2.2305076835198467e-01, -3.9909493549008290e-01, 8.7286188028157707e-01, 3.9909493549008279e-01, 2.5071621542817735e-01, -3.9909493549008268e-01, -3.9909493549008268e-01, 0.0, 3.9909493549008279e-01, 0.0, 3.9909493549008279e-01, -2.7838166250436935e-01, -9.0052732735776841e-01, -3.9909493549008290e-01, 2.5071621542817735e-01, 3.9909493549008279e-01, 9.2819277443396131e-01], 
            "tabulate_tensor_2_2": [9.2819277443396064e-01, 2.5071621542817679e-01, 3.9909493549008279e-01, -9.0052732735776886e-01, -2.7838166250436935e-01, -3.9909493549008268e-01, 2.5071621542817679e-01, 8.7286188028157563e-01, 3.9909493549008279e-01, -2.2305076835198467e-01, -9.0052732735776841e-01, -3.9909493549008268e-01, 3.9909493549008279e-01, 3.9909493549008279e-01, 0.0, -3.9909493549008290e-01, -3.9909493549008290e-01, 0.0, -9.0052732735776864e-01, -2.2305076835198467e-01, -3.9909493549008290e-01, 8.7286188028157707e-01, 2.5071621542817735e-01, 3.9909493549008279e-01, -2.7838166250436935e-01, -9.0052732735776841e-01, -3.9909493549008290e-01, 2.5071621542817735e-01, 9.2819277443396131e-01, 3.9909493549008279e-01, -3.9909493549008268e-01, -3.9909493549008268e-01, 0.0, 3.9909493549008279e-01, 3.9909493549008279e-01, 0.0], 
        },
        "default_vertex_integral": 0, 
    },
    "form_1": {
        "rank": 1, 
        "num_coefficients": 2, 
        "has_cell_integrals": 1, 
        "has_exterior_facet_integrals": 1, 
        "has_interior_facet_integrals": 0, 
        "has_vertex_integrals": 0, 
        "max_cell_subdomain_id": 0, 
        "max_exterior_facet_subdomain_id": 0, 
        "max_interior_facet_subdomain_id": 0, 
        "max_vertex_subdomain_id": 0, 
        "finite_element_0": {
            "cell_shape": 1, 
            "space_dimension": 3, 
            "value_rank": 0, 
            "evaluate_basis:_0": [1.4718852622922434e+00], 
            "evaluate_basis:_1": [2.0266705413493233e+00], 
            "evaluate_basis:_2": [-2.4985557203629258e+00], 
            "evaluate_basis_all": [1.4718852622922434e+00, 2.0266705413493233e+00, -2.4985557203629258e+00, 0.0, 0.0, 0.0, 0.0, 0.0, 0.0, 0.0, 0.0, 0.0], 
            "evaluate_basis_derivatives_0_0": [1.4718852622922434e+00], 
            "evaluate_basis_derivatives_0_1": [8.5585277568607676e-02, -2.2787085025842555e+00], 
            "evaluate_basis_derivatives_0_2": [0.0, 0.0, 0.0, 0.0], 
            "evaluate_basis_derivatives_1_0": [2.0266705413493233e+00], 
            "evaluate_basis_derivatives_1_1": [-2.3642938479375970e+00, 4.4932274890774304e-01], 
            "evaluate_basis_derivatives_1_2": [0.0, 0.0, 0.0, 0.0], 
            "evaluate_basis_derivatives_2_0": [-2.4985557203629258e+00], 
            "evaluate_basis_derivatives_2_1": [2.2787085020077340e+00, 1.8293856987949413e+00], 
            "evaluate_basis_derivatives_2_2": [0.0, 0.0, 0.0, 0.0], 
            "evaluate_basis_derivatives_all_0": [1.4718852622922434e+00, 2.0266705413493233e+00, -2.4985557203629258e+00], 
            "evaluate_basis_derivatives_all_1": [8.5585277568607676e-02, -2.2787085025842555e+00, -2.3642938479375970e+00, 4.4932274890774304e-01, 2.2787085020077340e+00, 1.8293856987949413e+00], 
            "evaluate_basis_derivatives_all_2": [0.0, 0.0, 0.0, 0.0, 0.0, 0.0, 0.0, 0.0, 0.0, 0.0, 0.0, 0.0], 
            "evaluate_dof_0": 3.0792300000000006e-01, 
            "evaluate_dof_1": 4.3028700000000003e-01, 
            "evaluate_dof_2": 7.7282099999999998e-01, 
            "evaluate_dofs": [3.0792300000000006e-01, 4.3028700000000003e-01, 7.7282099999999998e-01], 
            "interpolate_vertex_values": [3.0792300000000006e-01, 4.3028700000000003e-01, 7.7282099999999998e-01], 
            "tabulate_dof_coordinates": [9.0300000000000002e-01, 3.4100000000000003e-01, 5.6100000000000005e-01, 7.6700000000000002e-01, 9.8699999999999999e-01, 7.8300000000000003e-01], 
            "num_sub_elements": 0, 
        },
        "finite_element_1": {
            "cell_shape": 1, 
            "space_dimension": 3, 
            "value_rank": 0, 
            "evaluate_basis:_0": [1.4718852622922434e+00], 
            "evaluate_basis:_1": [2.0266705413493233e+00], 
            "evaluate_basis:_2": [-2.4985557203629258e+00], 
            "evaluate_basis_all": [1.4718852622922434e+00, 2.0266705413493233e+00, -2.4985557203629258e+00, 0.0, 0.0, 0.0, 0.0, 0.0, 0.0, 0.0, 0.0, 0.0], 
            "evaluate_basis_derivatives_0_0": [1.4718852622922434e+00], 
            "evaluate_basis_derivatives_0_1": [8.5585277568607676e-02, -2.2787085025842555e+00], 
            "evaluate_basis_derivatives_0_2": [0.0, 0.0, 0.0, 0.0], 
            "evaluate_basis_derivatives_1_0": [2.0266705413493233e+00], 
            "evaluate_basis_derivatives_1_1": [-2.3642938479375970e+00, 4.4932274890774304e-01], 
            "evaluate_basis_derivatives_1_2": [0.0, 0.0, 0.0, 0.0], 
            "evaluate_basis_derivatives_2_0": [-2.4985557203629258e+00], 
            "evaluate_basis_derivatives_2_1": [2.2787085020077340e+00, 1.8293856987949413e+00], 
            "evaluate_basis_derivatives_2_2": [0.0, 0.0, 0.0, 0.0], 
            "evaluate_basis_derivatives_all_0": [1.4718852622922434e+00, 2.0266705413493233e+00, -2.4985557203629258e+00], 
            "evaluate_basis_derivatives_all_1": [8.5585277568607676e-02, -2.2787085025842555e+00, -2.3642938479375970e+00, 4.4932274890774304e-01, 2.2787085020077340e+00, 1.8293856987949413e+00], 
            "evaluate_basis_derivatives_all_2": [0.0, 0.0, 0.0, 0.0, 0.0, 0.0, 0.0, 0.0, 0.0, 0.0, 0.0, 0.0], 
            "evaluate_dof_0": 3.0792300000000006e-01, 
            "evaluate_dof_1": 4.3028700000000003e-01, 
            "evaluate_dof_2": 7.7282099999999998e-01, 
            "evaluate_dofs": [3.0792300000000006e-01, 4.3028700000000003e-01, 7.7282099999999998e-01], 
            "interpolate_vertex_values": [3.0792300000000006e-01, 4.3028700000000003e-01, 7.7282099999999998e-01], 
            "tabulate_dof_coordinates": [9.0300000000000002e-01, 3.4100000000000003e-01, 5.6100000000000005e-01, 7.6700000000000002e-01, 9.8699999999999999e-01, 7.8300000000000003e-01], 
            "num_sub_elements": 0, 
        },
        "finite_element_2": {
            "cell_shape": 1, 
            "space_dimension": 3, 
            "value_rank": 0, 
            "evaluate_basis:_0": [1.4718852622922434e+00], 
            "evaluate_basis:_1": [2.0266705413493233e+00], 
            "evaluate_basis:_2": [-2.4985557203629258e+00], 
            "evaluate_basis_all": [1.4718852622922434e+00, 2.0266705413493233e+00, -2.4985557203629258e+00, 0.0, 0.0, 0.0, 0.0, 0.0, 0.0, 0.0, 0.0, 0.0], 
            "evaluate_basis_derivatives_0_0": [1.4718852622922434e+00], 
            "evaluate_basis_derivatives_0_1": [8.5585277568607676e-02, -2.2787085025842555e+00], 
            "evaluate_basis_derivatives_0_2": [0.0, 0.0, 0.0, 0.0], 
            "evaluate_basis_derivatives_1_0": [2.0266705413493233e+00], 
            "evaluate_basis_derivatives_1_1": [-2.3642938479375970e+00, 4.4932274890774304e-01], 
            "evaluate_basis_derivatives_1_2": [0.0, 0.0, 0.0, 0.0], 
            "evaluate_basis_derivatives_2_0": [-2.4985557203629258e+00], 
            "evaluate_basis_derivatives_2_1": [2.2787085020077340e+00, 1.8293856987949413e+00], 
            "evaluate_basis_derivatives_2_2": [0.0, 0.0, 0.0, 0.0], 
            "evaluate_basis_derivatives_all_0": [1.4718852622922434e+00, 2.0266705413493233e+00, -2.4985557203629258e+00], 
            "evaluate_basis_derivatives_all_1": [8.5585277568607676e-02, -2.2787085025842555e+00, -2.3642938479375970e+00, 4.4932274890774304e-01, 2.2787085020077340e+00, 1.8293856987949413e+00], 
            "evaluate_basis_derivatives_all_2": [0.0, 0.0, 0.0, 0.0, 0.0, 0.0, 0.0, 0.0, 0.0, 0.0, 0.0, 0.0], 
            "evaluate_dof_0": 3.0792300000000006e-01, 
            "evaluate_dof_1": 4.3028700000000003e-01, 
            "evaluate_dof_2": 7.7282099999999998e-01, 
            "evaluate_dofs": [3.0792300000000006e-01, 4.3028700000000003e-01, 7.7282099999999998e-01], 
            "interpolate_vertex_values": [3.0792300000000006e-01, 4.3028700000000003e-01, 7.7282099999999998e-01], 
            "tabulate_dof_coordinates": [9.0300000000000002e-01, 3.4100000000000003e-01, 5.6100000000000005e-01, 7.6700000000000002e-01, 9.8699999999999999e-01, 7.8300000000000003e-01], 
            "num_sub_elements": 0, 
        },
        "dofmap_0": {
            "needs_mesh_entities_0": 0, 
            "needs_mesh_entities_1": 0, 
            "needs_mesh_entities_2": 1, 
            "global_dimension": 30009, 
            "num_element_dofs": 3, 
            "num_facet_dofs": 0, 
            "num_entity_dofs_0": 0, 
            "num_entity_dofs_1": 0, 
            "num_entity_dofs_2": 3, 
            "tabulate_dofs": [0, 1, 2], 
            "tabulate_facet_dofs_0": [], 
            "tabulate_facet_dofs_1": [], 
            "tabulate_facet_dofs_2": [], 
            "tabulate_entity_dofs_0_0": [], 
            "tabulate_entity_dofs_0_1": [], 
            "tabulate_entity_dofs_0_2": [], 
            "tabulate_entity_dofs_1_0": [], 
            "tabulate_entity_dofs_1_1": [], 
            "tabulate_entity_dofs_1_2": [], 
            "tabulate_entity_dofs_2_0": [0, 1, 2], 
            "num_sub_dofmaps": 0, 
        },
        "dofmap_1": {
            "needs_mesh_entities_0": 0, 
            "needs_mesh_entities_1": 0, 
            "needs_mesh_entities_2": 1, 
            "global_dimension": 30009, 
            "num_element_dofs": 3, 
            "num_facet_dofs": 0, 
            "num_entity_dofs_0": 0, 
            "num_entity_dofs_1": 0, 
            "num_entity_dofs_2": 3, 
            "tabulate_dofs": [0, 1, 2], 
            "tabulate_facet_dofs_0": [], 
            "tabulate_facet_dofs_1": [], 
            "tabulate_facet_dofs_2": [], 
            "tabulate_entity_dofs_0_0": [], 
            "tabulate_entity_dofs_0_1": [], 
            "tabulate_entity_dofs_0_2": [], 
            "tabulate_entity_dofs_1_0": [], 
            "tabulate_entity_dofs_1_1": [], 
            "tabulate_entity_dofs_1_2": [], 
            "tabulate_entity_dofs_2_0": [0, 1, 2], 
            "num_sub_dofmaps": 0, 
        },
        "dofmap_2": {
            "needs_mesh_entities_0": 0, 
            "needs_mesh_entities_1": 0, 
            "needs_mesh_entities_2": 1, 
            "global_dimension": 30009, 
            "num_element_dofs": 3, 
            "num_facet_dofs": 0, 
            "num_entity_dofs_0": 0, 
            "num_entity_dofs_1": 0, 
            "num_entity_dofs_2": 3, 
            "tabulate_dofs": [0, 1, 2], 
            "tabulate_facet_dofs_0": [], 
            "tabulate_facet_dofs_1": [], 
            "tabulate_facet_dofs_2": [], 
            "tabulate_entity_dofs_0_0": [], 
            "tabulate_entity_dofs_0_1": [], 
            "tabulate_entity_dofs_0_2": [], 
            "tabulate_entity_dofs_1_0": [], 
            "tabulate_entity_dofs_1_1": [], 
            "tabulate_entity_dofs_1_2": [], 
            "tabulate_entity_dofs_2_0": [0, 1, 2], 
            "num_sub_dofmaps": 0, 
        },
        "default_cell_integral": 1, 
        "cell_integral": {
            "tabulate_tensor": [5.4526502336850035e-03, 6.2316002492640021e-03, 7.0105502648430034e-03], 
        },
        "default_exterior_facet_integral": 1, 
        "exterior_facet_integral": {
            "tabulate_tensor_0": [0.0, 9.9470085064676250e-02, 1.1368009673210286e-01], 
            "tabulate_tensor_1": [7.4985184199117136e-02, 0.0, 1.0497925673297369e-01], 
            "tabulate_tensor_2": [7.2839549986421170e-02, 9.1049436830875366e-02, 0.0], 
        },
        "default_interior_facet_integral": 0, 
        "default_vertex_integral": 0, 
    },
}
