{
    "form_0": {
        "rank": 2, 
        "num_coefficients": 0, 
        "has_cell_integrals": 0, 
        "has_exterior_facet_integrals": 1, 
        "has_interior_facet_integrals": 1, 
        "has_vertex_integrals": 0, 
        "max_cell_subdomain_id": 0, 
        "max_exterior_facet_subdomain_id": 0, 
        "max_interior_facet_subdomain_id": 0, 
        "max_vertex_subdomain_id": 0, 
        "finite_element_0": {
            "cell_shape": 1, 
            "space_dimension": 12, 
            "value_rank": 0, 
            "evaluate_basis:_0": [1.3459109671978581e+01], 
            "evaluate_basis:_1": [7.4858812450482844e+01], 
            "evaluate_basis:_2": [7.1355060250258055e+02], 
            "evaluate_basis:_3": [-5.8602093599360865e+02], 
            "evaluate_basis:_4": [1.5825725471839187e+03], 
            "evaluate_basis:_5": [-1.7806460480670466e+03], 
            "evaluate_basis:_6": [-1.8633615723681464e+02], 
            "evaluate_basis:_7": [7.9045648005909095e+02], 
            "evaluate_basis:_8": [-1.2932080649024833e+03], 
            "evaluate_basis:_9": [1.5114410927950104e+02], 
            "evaluate_basis:_10": [4.1445214554902913e+02], 
            "evaluate_basis:_11": [3.4522165973331789e+02], 
            "evaluate_basis_all": [1.3459109671978581e+01, 7.4858812450482844e+01, 7.1355060250258055e+02, -5.8602093599360865e+02, 1.5825725471839187e+03, -1.7806460480670466e+03, -1.8633615723681464e+02, 7.9045648005909095e+02, -1.2932080649024833e+03, 1.5114410927950104e+02, 4.1445214554902913e+02, 3.4522165973331789e+02, 0.0, 0.0, 0.0, 0.0, 0.0, 0.0, 0.0, 0.0, 0.0, 0.0, 0.0, 0.0, 0.0, 0.0, 0.0, 0.0, 0.0, 0.0, 0.0, 0.0, 0.0, 0.0, 0.0, 0.0, 0.0, 0.0, 0.0, 0.0, 0.0, 0.0, 0.0, 0.0, 0.0, 0.0, 0.0, 0.0], 
            "evaluate_basis_derivatives_0_0": [1.3459109671978581e+01], 
            "evaluate_basis_derivatives_0_1": [4.5062494126654684e+00, -1.1997856403687817e+02], 
            "evaluate_basis_derivatives_0_2": [1.1036295074801501e+00, -2.9384380662929857e+01, -2.9384469014344745e+01, 7.8236003845455775e+02], 
            "evaluate_basis_derivatives_1_0": [7.4858812450482844e+01], 
            "evaluate_basis_derivatives_1_1": [-4.4151099893376380e+02, 8.3907077105982367e+01], 
            "evaluate_basis_derivatives_1_2": [1.9332767683225916e+03, -3.6741009050428852e+02, -3.6741003035070906e+02, 6.9824516271370229e+01], 
            "evaluate_basis_derivatives_2_0": [7.1355060250258055e+02], 
            "evaluate_basis_derivatives_2_1": [-2.2851137043517574e+03, -1.8345279034936643e+03], 
            "evaluate_basis_derivatives_2_2": [5.4708518656343276e+03, 4.3920923428331917e+03, 4.3920923428331917e+03, 3.5260459653731259e+03], 
            "evaluate_basis_derivatives_3_0": [-5.8602093599360865e+02], 
            "evaluate_basis_derivatives_3_1": [2.9054945174372401e+03, -2.1533235964823348e+01], 
            "evaluate_basis_derivatives_3_2": [-1.0677235364572211e+04, -1.1781761300262602e+02, -1.1781777647947675e+02, 4.3041328569670338e+02], 
            "evaluate_basis_derivatives_4_0": [1.5825725471839187e+03], 
            "evaluate_basis_derivatives_4_1": [-6.7075772262180217e+03, -1.4609541664720416e+03], 
            "evaluate_basis_derivatives_4_2": [2.1069001253555747e+04, 5.2039971257864372e+03, 5.2039972468390461e+03, -3.7979338062069064e+02], 
            "evaluate_basis_derivatives_5_0": [-1.7806460480670466e+03], 
            "evaluate_basis_derivatives_5_1": [6.5306838444782134e+03, 3.1804866566754035e+03], 
            "evaluate_basis_derivatives_5_2": [-1.7795246582596235e+04, -9.1281155362340214e+03, -9.1281156361778667e+03, -3.1871079960118514e+03], 
            "evaluate_basis_derivatives_6_0": [-1.8633615723681464e+02], 
            "evaluate_basis_derivatives_6_1": [1.2964495475620629e+02, 1.2092979000914802e+03], 
            "evaluate_basis_derivatives_6_2": [6.7775088482786487e+01, -7.9654036598578841e+02, -7.9654012894598600e+02, -5.6292906123483945e+03], 
            "evaluate_basis_derivatives_7_0": [7.9045648005909095e+02], 
            "evaluate_basis_derivatives_7_1": [-1.2749087049486293e+03, -3.8027486983819963e+03], 
            "evaluate_basis_derivatives_7_2": [8.4893938560328752e+02, 5.3437683731035722e+03, 5.3437681911425134e+03, 1.2876760529013529e+04], 
            "evaluate_basis_derivatives_8_0": [-1.2932080649024833e+03], 
            "evaluate_basis_derivatives_8_1": [3.1591204456194323e+03, 4.5986519987551001e+03], 
            "evaluate_basis_derivatives_8_2": [-5.0015635923627688e+03, -9.1735489704232059e+03, -9.1735488704793606e+03, -1.1505777593839724e+04], 
            "evaluate_basis_derivatives_9_0": [1.5114410927950104e+02], 
            "evaluate_basis_derivatives_9_1": [-1.4363809928290675e+02, -8.3673235268306075e+02], 
            "evaluate_basis_derivatives_9_2": [-7.1616712743101743e+01, 8.9882687856260372e+02, 8.9882699003380026e+02, 2.9059083985271018e+03], 
            "evaluate_basis_derivatives_10_0": [4.1445214554902913e+02], 
            "evaluate_basis_derivatives_10_1": [-9.8189675619840455e+02, -1.2178518520261623e+03], 
            "evaluate_basis_derivatives_10_2": [1.0248337323064470e+03, 3.2233893718763311e+03, 3.2233893717532787e+03, 1.0969558659378904e+03], 
            "evaluate_basis_derivatives_11_0": [3.4522165973331789e+02], 
            "evaluate_basis_derivatives_11_1": [-1.3766913522253344e+03, -2.6900859071009086e+02], 
            "evaluate_basis_derivatives_11_2": [3.5797370232060375e+03, 1.4666635723323168e+03, 1.4666634891820072e+03, -6.8675491959273825e+02], 
            "evaluate_basis_derivatives_all_0": [1.3459109671978581e+01, 7.4858812450482844e+01, 7.1355060250258055e+02, -5.8602093599360865e+02, 1.5825725471839187e+03, -1.7806460480670466e+03, -1.8633615723681464e+02, 7.9045648005909095e+02, -1.2932080649024833e+03, 1.5114410927950104e+02, 4.1445214554902913e+02, 3.4522165973331789e+02], 
            "evaluate_basis_derivatives_all_1": [4.5062494126654684e+00, -1.1997856403687817e+02, -4.4151099893376380e+02, 8.3907077105982367e+01, -2.2851137043517574e+03, -1.8345279034936643e+03, 2.9054945174372401e+03, -2.1533235964823348e+01, -6.7075772262180217e+03, -1.4609541664720416e+03, 6.5306838444782134e+03, 3.1804866566754035e+03, 1.2964495475620629e+02, 1.2092979000914802e+03, -1.2749087049486293e+03, -3.8027486983819963e+03, 3.1591204456194323e+03, 4.5986519987551001e+03, -1.4363809928290675e+02, -8.3673235268306075e+02, -9.8189675619840455e+02, -1.2178518520261623e+03, -1.3766913522253344e+03, -2.6900859071009086e+02], 
            "evaluate_basis_derivatives_all_2": [1.1036295074801501e+00, -2.9384380662929857e+01, -2.9384469014344745e+01, 7.8236003845455775e+02, 1.9332767683225916e+03, -3.6741009050428852e+02, -3.6741003035070906e+02, 6.9824516271370229e+01, 5.4708518656343276e+03, 4.3920923428331917e+03, 4.3920923428331917e+03, 3.5260459653731259e+03, -1.0677235364572211e+04, -1.1781761300262602e+02, -1.1781777647947675e+02, 4.3041328569670338e+02, 2.1069001253555747e+04, 5.2039971257864372e+03, 5.2039972468390461e+03, -3.7979338062069064e+02, -1.7795246582596235e+04, -9.1281155362340214e+03, -9.1281156361778667e+03, -3.1871079960118514e+03, 6.7775088482786487e+01, -7.9654036598578841e+02, -7.9654012894598600e+02, -5.6292906123483945e+03, 8.4893938560328752e+02, 5.3437683731035722e+03, 5.3437681911425134e+03, 1.2876760529013529e+04, -5.0015635923627688e+03, -9.1735489704232059e+03, -9.1735488704793606e+03, -1.1505777593839724e+04, -7.1616712743101743e+01, 8.9882687856260372e+02, 8.9882699003380026e+02, 2.9059083985271018e+03, 1.0248337323064470e+03, 3.2233893718763311e+03, 3.2233893717532787e+03, 1.0969558659378904e+03, 3.5797370232060375e+03, 1.4666635723323168e+03, 1.4666634891820072e+03, -6.8675491959273825e+02], 
            "evaluate_dof_0": 3.0792300000000006e-01, 
            "evaluate_dof_1": 4.3028700000000003e-01, 
            "evaluate_dof_2": 7.7282099999999998e-01, 
            "evaluate_dof_3": 5.1464250000000011e-01, 
            "evaluate_dof_4": 5.9984999999999999e-01, 
            "evaluate_dof_5": 6.8590949999999995e-01, 
            "evaluate_dof_6": 4.1718600000000006e-01, 
            "evaluate_dof_7": 5.3109000000000006e-01, 
            "evaluate_dof_8": 6.4963500000000007e-01, 
            "evaluate_dof_9": 3.6583125000000000e-01, 
            "evaluate_dof_10": 4.0552800000000000e-01, 
            "evaluate_dof_11": 4.2701325000000012e-01, 
            "evaluate_dofs": [3.0792300000000006e-01, 4.3028700000000003e-01, 7.7282099999999998e-01, 5.1464250000000011e-01, 5.9984999999999999e-01, 6.8590949999999995e-01, 4.1718600000000006e-01, 5.3109000000000006e-01, 6.4963500000000007e-01, 3.6583125000000000e-01, 4.0552800000000000e-01, 4.2701325000000012e-01], 
            "interpolate_vertex_values": [3.0792300000000006e-01, 4.3028700000000003e-01, 7.7282099999999998e-01], 
            "tabulate_dof_coordinates": [9.0300000000000002e-01, 3.4100000000000003e-01, 5.6100000000000005e-01, 7.6700000000000002e-01, 9.8699999999999999e-01, 7.8300000000000003e-01, 6.6750000000000009e-01, 7.7100000000000002e-01, 7.7400000000000002e-01, 7.7500000000000002e-01, 8.8049999999999995e-01, 7.7900000000000003e-01, 9.2400000000000004e-01, 4.5150000000000001e-01, 9.4500000000000006e-01, 5.6200000000000006e-01, 9.6599999999999997e-01, 6.7250000000000010e-01, 8.1750000000000000e-01, 4.4750000000000001e-01, 7.3199999999999998e-01, 5.5400000000000005e-01, 6.4650000000000007e-01, 6.6050000000000009e-01], 
            "num_sub_elements": 0, 
        },
        "finite_element_1": {
            "cell_shape": 1, 
            "space_dimension": 12, 
            "value_rank": 0, 
            "evaluate_basis:_0": [1.3459109671978581e+01], 
            "evaluate_basis:_1": [7.4858812450482844e+01], 
            "evaluate_basis:_2": [7.1355060250258055e+02], 
            "evaluate_basis:_3": [-5.8602093599360865e+02], 
            "evaluate_basis:_4": [1.5825725471839187e+03], 
            "evaluate_basis:_5": [-1.7806460480670466e+03], 
            "evaluate_basis:_6": [-1.8633615723681464e+02], 
            "evaluate_basis:_7": [7.9045648005909095e+02], 
            "evaluate_basis:_8": [-1.2932080649024833e+03], 
            "evaluate_basis:_9": [1.5114410927950104e+02], 
            "evaluate_basis:_10": [4.1445214554902913e+02], 
            "evaluate_basis:_11": [3.4522165973331789e+02], 
            "evaluate_basis_all": [1.3459109671978581e+01, 7.4858812450482844e+01, 7.1355060250258055e+02, -5.8602093599360865e+02, 1.5825725471839187e+03, -1.7806460480670466e+03, -1.8633615723681464e+02, 7.9045648005909095e+02, -1.2932080649024833e+03, 1.5114410927950104e+02, 4.1445214554902913e+02, 3.4522165973331789e+02, 0.0, 0.0, 0.0, 0.0, 0.0, 0.0, 0.0, 0.0, 0.0, 0.0, 0.0, 0.0, 0.0, 0.0, 0.0, 0.0, 0.0, 0.0, 0.0, 0.0, 0.0, 0.0, 0.0, 0.0, 0.0, 0.0, 0.0, 0.0, 0.0, 0.0, 0.0, 0.0, 0.0, 0.0, 0.0, 0.0], 
            "evaluate_basis_derivatives_0_0": [1.3459109671978581e+01], 
            "evaluate_basis_derivatives_0_1": [4.5062494126654684e+00, -1.1997856403687817e+02], 
            "evaluate_basis_derivatives_0_2": [1.1036295074801501e+00, -2.9384380662929857e+01, -2.9384469014344745e+01, 7.8236003845455775e+02], 
            "evaluate_basis_derivatives_1_0": [7.4858812450482844e+01], 
            "evaluate_basis_derivatives_1_1": [-4.4151099893376380e+02, 8.3907077105982367e+01], 
            "evaluate_basis_derivatives_1_2": [1.9332767683225916e+03, -3.6741009050428852e+02, -3.6741003035070906e+02, 6.9824516271370229e+01], 
            "evaluate_basis_derivatives_2_0": [7.1355060250258055e+02], 
            "evaluate_basis_derivatives_2_1": [-2.2851137043517574e+03, -1.8345279034936643e+03], 
            "evaluate_basis_derivatives_2_2": [5.4708518656343276e+03, 4.3920923428331917e+03, 4.3920923428331917e+03, 3.5260459653731259e+03], 
            "evaluate_basis_derivatives_3_0": [-5.8602093599360865e+02], 
            "evaluate_basis_derivatives_3_1": [2.9054945174372401e+03, -2.1533235964823348e+01], 
            "evaluate_basis_derivatives_3_2": [-1.0677235364572211e+04, -1.1781761300262602e+02, -1.1781777647947675e+02, 4.3041328569670338e+02], 
            "evaluate_basis_derivatives_4_0": [1.5825725471839187e+03], 
            "evaluate_basis_derivatives_4_1": [-6.7075772262180217e+03, -1.4609541664720416e+03], 
            "evaluate_basis_derivatives_4_2": [2.1069001253555747e+04, 5.2039971257864372e+03, 5.2039972468390461e+03, -3.7979338062069064e+02], 
            "evaluate_basis_derivatives_5_0": [-1.7806460480670466e+03], 
            "evaluate_basis_derivatives_5_1": [6.5306838444782134e+03, 3.1804866566754035e+03], 
            "evaluate_basis_derivatives_5_2": [-1.7795246582596235e+04, -9.1281155362340214e+03, -9.1281156361778667e+03, -3.1871079960118514e+03], 
            "evaluate_basis_derivatives_6_0": [-1.8633615723681464e+02], 
            "evaluate_basis_derivatives_6_1": [1.2964495475620629e+02, 1.2092979000914802e+03], 
            "evaluate_basis_derivatives_6_2": [6.7775088482786487e+01, -7.9654036598578841e+02, -7.9654012894598600e+02, -5.6292906123483945e+03], 
            "evaluate_basis_derivatives_7_0": [7.9045648005909095e+02], 
            "evaluate_basis_derivatives_7_1": [-1.2749087049486293e+03, -3.8027486983819963e+03], 
            "evaluate_basis_derivatives_7_2": [8.4893938560328752e+02, 5.3437683731035722e+03, 5.3437681911425134e+03, 1.2876760529013529e+04], 
            "evaluate_basis_derivatives_8_0": [-1.2932080649024833e+03], 
            "evaluate_basis_derivatives_8_1": [3.1591204456194323e+03, 4.5986519987551001e+03], 
            "evaluate_basis_derivatives_8_2": [-5.0015635923627688e+03, -9.1735489704232059e+03, -9.1735488704793606e+03, -1.1505777593839724e+04], 
            "evaluate_basis_derivatives_9_0": [1.5114410927950104e+02], 
            "evaluate_basis_derivatives_9_1": [-1.4363809928290675e+02, -8.3673235268306075e+02], 
            "evaluate_basis_derivatives_9_2": [-7.1616712743101743e+01, 8.9882687856260372e+02, 8.9882699003380026e+02, 2.9059083985271018e+03], 
            "evaluate_basis_derivatives_10_0": [4.1445214554902913e+02], 
            "evaluate_basis_derivatives_10_1": [-9.8189675619840455e+02, -1.2178518520261623e+03], 
            "evaluate_basis_derivatives_10_2": [1.0248337323064470e+03, 3.2233893718763311e+03, 3.2233893717532787e+03, 1.0969558659378904e+03], 
            "evaluate_basis_derivatives_11_0": [3.4522165973331789e+02], 
            "evaluate_basis_derivatives_11_1": [-1.3766913522253344e+03, -2.6900859071009086e+02], 
            "evaluate_basis_derivatives_11_2": [3.5797370232060375e+03, 1.4666635723323168e+03, 1.4666634891820072e+03, -6.8675491959273825e+02], 
            "evaluate_basis_derivatives_all_0": [1.3459109671978581e+01, 7.4858812450482844e+01, 7.1355060250258055e+02, -5.8602093599360865e+02, 1.5825725471839187e+03, -1.7806460480670466e+03, -1.8633615723681464e+02, 7.9045648005909095e+02, -1.2932080649024833e+03, 1.5114410927950104e+02, 4.1445214554902913e+02, 3.4522165973331789e+02], 
            "evaluate_basis_derivatives_all_1": [4.5062494126654684e+00, -1.1997856403687817e+02, -4.4151099893376380e+02, 8.3907077105982367e+01, -2.2851137043517574e+03, -1.8345279034936643e+03, 2.9054945174372401e+03, -2.1533235964823348e+01, -6.7075772262180217e+03, -1.4609541664720416e+03, 6.5306838444782134e+03, 3.1804866566754035e+03, 1.2964495475620629e+02, 1.2092979000914802e+03, -1.2749087049486293e+03, -3.8027486983819963e+03, 3.1591204456194323e+03, 4.5986519987551001e+03, -1.4363809928290675e+02, -8.3673235268306075e+02, -9.8189675619840455e+02, -1.2178518520261623e+03, -1.3766913522253344e+03, -2.6900859071009086e+02], 
            "evaluate_basis_derivatives_all_2": [1.1036295074801501e+00, -2.9384380662929857e+01, -2.9384469014344745e+01, 7.8236003845455775e+02, 1.9332767683225916e+03, -3.6741009050428852e+02, -3.6741003035070906e+02, 6.9824516271370229e+01, 5.4708518656343276e+03, 4.3920923428331917e+03, 4.3920923428331917e+03, 3.5260459653731259e+03, -1.0677235364572211e+04, -1.1781761300262602e+02, -1.1781777647947675e+02, 4.3041328569670338e+02, 2.1069001253555747e+04, 5.2039971257864372e+03, 5.2039972468390461e+03, -3.7979338062069064e+02, -1.7795246582596235e+04, -9.1281155362340214e+03, -9.1281156361778667e+03, -3.1871079960118514e+03, 6.7775088482786487e+01, -7.9654036598578841e+02, -7.9654012894598600e+02, -5.6292906123483945e+03, 8.4893938560328752e+02, 5.3437683731035722e+03, 5.3437681911425134e+03, 1.2876760529013529e+04, -5.0015635923627688e+03, -9.1735489704232059e+03, -9.1735488704793606e+03, -1.1505777593839724e+04, -7.1616712743101743e+01, 8.9882687856260372e+02, 8.9882699003380026e+02, 2.9059083985271018e+03, 1.0248337323064470e+03, 3.2233893718763311e+03, 3.2233893717532787e+03, 1.0969558659378904e+03, 3.5797370232060375e+03, 1.4666635723323168e+03, 1.4666634891820072e+03, -6.8675491959273825e+02], 
            "evaluate_dof_0": 3.0792300000000006e-01, 
            "evaluate_dof_1": 4.3028700000000003e-01, 
            "evaluate_dof_2": 7.7282099999999998e-01, 
            "evaluate_dof_3": 5.1464250000000011e-01, 
            "evaluate_dof_4": 5.9984999999999999e-01, 
            "evaluate_dof_5": 6.8590949999999995e-01, 
            "evaluate_dof_6": 4.1718600000000006e-01, 
            "evaluate_dof_7": 5.3109000000000006e-01, 
            "evaluate_dof_8": 6.4963500000000007e-01, 
            "evaluate_dof_9": 3.6583125000000000e-01, 
            "evaluate_dof_10": 4.0552800000000000e-01, 
            "evaluate_dof_11": 4.2701325000000012e-01, 
            "evaluate_dofs": [3.0792300000000006e-01, 4.3028700000000003e-01, 7.7282099999999998e-01, 5.1464250000000011e-01, 5.9984999999999999e-01, 6.8590949999999995e-01, 4.1718600000000006e-01, 5.3109000000000006e-01, 6.4963500000000007e-01, 3.6583125000000000e-01, 4.0552800000000000e-01, 4.2701325000000012e-01], 
            "interpolate_vertex_values": [3.0792300000000006e-01, 4.3028700000000003e-01, 7.7282099999999998e-01], 
            "tabulate_dof_coordinates": [9.0300000000000002e-01, 3.4100000000000003e-01, 5.6100000000000005e-01, 7.6700000000000002e-01, 9.8699999999999999e-01, 7.8300000000000003e-01, 6.6750000000000009e-01, 7.7100000000000002e-01, 7.7400000000000002e-01, 7.7500000000000002e-01, 8.8049999999999995e-01, 7.7900000000000003e-01, 9.2400000000000004e-01, 4.5150000000000001e-01, 9.4500000000000006e-01, 5.6200000000000006e-01, 9.6599999999999997e-01, 6.7250000000000010e-01, 8.1750000000000000e-01, 4.4750000000000001e-01, 7.3199999999999998e-01, 5.5400000000000005e-01, 6.4650000000000007e-01, 6.6050000000000009e-01], 
            "num_sub_elements": 0, 
        },
        "dofmap_0": {
            "needs_mesh_entities_0": 1, 
            "needs_mesh_entities_1": 1, 
            "needs_mesh_entities_2": 0, 
            "global_dimension": 40007, 
            "num_element_dofs": 12, 
            "num_facet_dofs": 5, 
            "num_entity_dofs_0": 1, 
            "num_entity_dofs_1": 3, 
            "num_entity_dofs_2": 0, 
            "tabulate_dofs": [0, 0, 0, 10001, 10002, 10003, 10004, 10005, 10006, 10007, 10008, 10009], 
            "tabulate_facet_dofs_0": [1, 2, 3, 4, 5], 
            "tabulate_facet_dofs_1": [0, 2, 6, 7, 8], 
            "tabulate_facet_dofs_2": [0, 1, 9, 10, 11], 
            "tabulate_entity_dofs_0_0": [0], 
            "tabulate_entity_dofs_0_1": [1], 
            "tabulate_entity_dofs_0_2": [2], 
            "tabulate_entity_dofs_1_0": [3, 4, 5], 
            "tabulate_entity_dofs_1_1": [6, 7, 8], 
            "tabulate_entity_dofs_1_2": [9, 10, 11], 
            "tabulate_entity_dofs_2_0": [], 
            "num_sub_dofmaps": 0, 
        },
        "dofmap_1": {
            "needs_mesh_entities_0": 1, 
            "needs_mesh_entities_1": 1, 
            "needs_mesh_entities_2": 0, 
            "global_dimension": 40007, 
            "num_element_dofs": 12, 
            "num_facet_dofs": 5, 
            "num_entity_dofs_0": 1, 
            "num_entity_dofs_1": 3, 
            "num_entity_dofs_2": 0, 
            "tabulate_dofs": [0, 0, 0, 10001, 10002, 10003, 10004, 10005, 10006, 10007, 10008, 10009], 
            "tabulate_facet_dofs_0": [1, 2, 3, 4, 5], 
            "tabulate_facet_dofs_1": [0, 2, 6, 7, 8], 
            "tabulate_facet_dofs_2": [0, 1, 9, 10, 11], 
            "tabulate_entity_dofs_0_0": [0], 
            "tabulate_entity_dofs_0_1": [1], 
            "tabulate_entity_dofs_0_2": [2], 
            "tabulate_entity_dofs_1_0": [3, 4, 5], 
            "tabulate_entity_dofs_1_1": [6, 7, 8], 
            "tabulate_entity_dofs_1_2": [9, 10, 11], 
            "tabulate_entity_dofs_2_0": [], 
            "num_sub_dofmaps": 0, 
        },
        "default_cell_integral": 0, 
        "default_exterior_facet_integral": 1, 
        "exterior_facet_integral": {
            "tabulate_tensor_0": [0.0, 0.0, 0.0, 0.0, 0.0, 0.0, 0.0, 0.0, 0.0, 0.0, 0.0, 0.0, 0.0, 2.1954092728147561e-02, -2.1803722095695747e-03, 2.2254833993051178e-02, -1.3082233513197667e-02, 4.2103739572074850e-03, 0.0, 0.0, 0.0, 0.0, 0.0, 0.0, 0.0, -2.1803722095695747e-03, 2.1954092728147561e-02, 4.2103739572074850e-03, -1.3082233513197667e-02, 2.2254833993051178e-02, 0.0, 0.0, 0.0, 0.0, 0.0, 0.0, 0.0, 2.2254833993051178e-02, 4.2103739572074850e-03, 1.3473196560751866e-01, -2.8871135852725733e-02, 1.9247423901817159e-02, 0.0, 0.0, 0.0, 0.0, 0.0, 0.0, 0.0, -1.3082233513197667e-02, -1.3082233513197667e-02, -2.8871135852725733e-02, 1.4074678664258741e-01, -2.8871135852725733e-02, 0.0, 0.0, 0.0, 0.0, 0.0, 0.0, 0.0, 4.2103739572074850e-03, 2.2254833993051178e-02, 1.9247423901817159e-02, -2.8871135852725733e-02, 1.3473196560751866e-01, 0.0, 0.0, 0.0, 0.0, 0.0, 0.0, 0.0, 0.0, 0.0, 0.0, 0.0, 0.0, 0.0, 0.0, 0.0, 0.0, 0.0, 0.0, 0.0, 0.0, 0.0, 0.0, 0.0, 0.0, 0.0, 0.0, 0.0, 0.0, 0.0, 0.0, 0.0, 0.0, 0.0, 0.0, 0.0, 0.0, 0.0, 0.0, 0.0, 0.0, 0.0, 0.0, 0.0, 0.0, 0.0, 0.0, 0.0, 0.0, 0.0, 0.0, 0.0, 0.0, 0.0, 0.0, 0.0, 0.0, 0.0, 0.0, 0.0, 0.0, 0.0, 0.0, 0.0, 0.0, 0.0, 0.0, 0.0, 0.0, 0.0, 0.0, 0.0, 0.0, 0.0, 0.0, 0.0, 0.0, 0.0, 0.0], 
            "tabulate_tensor_1": [2.3170024948414438e-02, 0.0, -2.3011326005645083e-03, 0.0, 0.0, 0.0, 2.3487422833953137e-02, -1.3806795873333713e-02, 4.4435664383241083e-03, 0.0, 0.0, 0.0, 0.0, 0.0, 0.0, 0.0, 0.0, 0.0, 0.0, 0.0, 0.0, 0.0, 0.0, 0.0, -2.3011326005645083e-03, 0.0, 2.3170024948414438e-02, 0.0, 0.0, 0.0, 4.4435664383241083e-03, -1.3806795873333713e-02, 2.3487422833953137e-02, 0.0, 0.0, 0.0, 0.0, 0.0, 0.0, 0.0, 0.0, 0.0, 0.0, 0.0, 0.0, 0.0, 0.0, 0.0, 0.0, 0.0, 0.0, 0.0, 0.0, 0.0, 0.0, 0.0, 0.0, 0.0, 0.0, 0.0, 0.0, 0.0, 0.0, 0.0, 0.0, 0.0, 0.0, 0.0, 0.0, 0.0, 0.0, 0.0, 2.3487422833953137e-02, 0.0, 4.4435664383241083e-03, 0.0, 0.0, 0.0, 1.4219412494658479e-01, -3.0470170017049113e-02, 2.0313446678032743e-02, 0.0, 0.0, 0.0, -1.3806795873333713e-02, 0.0, -1.3806795873333713e-02, 0.0, 0.0, 0.0, -3.0470170017049113e-02, 1.4854207815824780e-01, -3.0470170017049113e-02, 0.0, 0.0, 0.0, 4.4435664383241083e-03, 0.0, 2.3487422833953137e-02, 0.0, 0.0, 0.0, 2.0313446678032743e-02, -3.0470170017049113e-02, 1.4219412494658479e-01, 0.0, 0.0, 0.0, 0.0, 0.0, 0.0, 0.0, 0.0, 0.0, 0.0, 0.0, 0.0, 0.0, 0.0, 0.0, 0.0, 0.0, 0.0, 0.0, 0.0, 0.0, 0.0, 0.0, 0.0, 0.0, 0.0, 0.0, 0.0, 0.0, 0.0, 0.0, 0.0, 0.0, 0.0, 0.0, 0.0, 0.0, 0.0, 0.0], 
            "tabulate_tensor_2": [2.8133794236681331e-02, -2.7941096843761286e-03, 0.0, 0.0, 0.0, 0.0, 0.0, 0.0, 0.0, 2.8519189022521409e-02, -1.6764658434034747e-02, 5.3955221943508659e-03, -2.7941096843761286e-03, 2.8133794236681331e-02, 0.0, 0.0, 0.0, 0.0, 0.0, 0.0, 0.0, 5.3955221943508659e-03, -1.6764658434034747e-02, 2.8519189022521409e-02, 0.0, 0.0, 0.0, 0.0, 0.0, 0.0, 0.0, 0.0, 0.0, 0.0, 0.0, 0.0, 0.0, 0.0, 0.0, 0.0, 0.0, 0.0, 0.0, 0.0, 0.0, 0.0, 0.0, 0.0, 0.0, 0.0, 0.0, 0.0, 0.0, 0.0, 0.0, 0.0, 0.0, 0.0, 0.0, 0.0, 0.0, 0.0, 0.0, 0.0, 0.0, 0.0, 0.0, 0.0, 0.0, 0.0, 0.0, 0.0, 0.0, 0.0, 0.0, 0.0, 0.0, 0.0, 0.0, 0.0, 0.0, 0.0, 0.0, 0.0, 0.0, 0.0, 0.0, 0.0, 0.0, 0.0, 0.0, 0.0, 0.0, 0.0, 0.0, 0.0, 0.0, 0.0, 0.0, 0.0, 0.0, 0.0, 0.0, 0.0, 0.0, 0.0, 0.0, 0.0, 2.8519189022521409e-02, 5.3955221943508659e-03, 0.0, 0.0, 0.0, 0.0, 0.0, 0.0, 0.0, 1.7265670890811580e-01, -3.6997866662850487e-02, 2.4665244441900328e-02, -1.6764658434034747e-02, -1.6764658434034747e-02, 0.0, 0.0, 0.0, 0.0, 0.0, 0.0, 0.0, -3.6997866662850487e-02, 1.8036459916195122e-01, -3.6997866662850487e-02, 5.3955221943508659e-03, 2.8519189022521409e-02, 0.0, 0.0, 0.0, 0.0, 0.0, 0.0, 0.0, 2.4665244441900328e-02, -3.6997866662850487e-02, 1.7265670890811580e-01], 
        },
        "default_interior_facet_integral": 1, 
        "interior_facet_integral": {
            "tabulate_tensor_0_0": [0.0, 0.0, 0.0, 0.0, 0.0, 0.0, 0.0, 0.0, 0.0, 0.0, 0.0, 0.0, 0.0, 0.0, 0.0, 0.0, 0.0, 0.0, 0.0, 0.0, 0.0, 0.0, 0.0, 0.0, 0.0, 5.4885231820368903e-03, -5.4509305239239367e-04, 5.5637084982627944e-03, -3.2705583782994168e-03, 1.0525934893018713e-03, 0.0, 0.0, 0.0, 0.0, 0.0, 0.0, 0.0, 5.4885231820368903e-03, -5.4509305239239367e-04, 5.5637084982627944e-03, -3.2705583782994168e-03, 1.0525934893018713e-03, 0.0, 0.0, 0.0, 0.0, 0.0, 0.0, 0.0, -5.4509305239239367e-04, 5.4885231820368903e-03, 1.0525934893018713e-03, -3.2705583782994168e-03, 5.5637084982627944e-03, 0.0, 0.0, 0.0, 0.0, 0.0, 0.0, 0.0, -5.4509305239239367e-04, 5.4885231820368903e-03, 1.0525934893018713e-03, -3.2705583782994168e-03, 5.5637084982627944e-03, 0.0, 0.0, 0.0, 0.0, 0.0, 0.0, 0.0, 5.5637084982627944e-03, 1.0525934893018713e-03, 3.3682991401879664e-02, -7.2177839631814332e-03, 4.8118559754542897e-03, 0.0, 0.0, 0.0, 0.0, 0.0, 0.0, 0.0, 5.5637084982627944e-03, 1.0525934893018713e-03, 3.3682991401879664e-02, -7.2177839631814332e-03, 4.8118559754542897e-03, 0.0, 0.0, 0.0, 0.0, 0.0, 0.0, 0.0, -3.2705583782994168e-03, -3.2705583782994168e-03, -7.2177839631814332e-03, 3.5186696660646853e-02, -7.2177839631814332e-03, 0.0, 0.0, 0.0, 0.0, 0.0, 0.0, 0.0, -3.2705583782994168e-03, -3.2705583782994168e-03, -7.2177839631814332e-03, 3.5186696660646853e-02, -7.2177839631814332e-03, 0.0, 0.0, 0.0, 0.0, 0.0, 0.0, 0.0, 1.0525934893018713e-03, 5.5637084982627944e-03, 4.8118559754542897e-03, -7.2177839631814332e-03, 3.3682991401879664e-02, 0.0, 0.0, 0.0, 0.0, 0.0, 0.0, 0.0, 1.0525934893018713e-03, 5.5637084982627944e-03, 4.8118559754542897e-03, -7.2177839631814332e-03, 3.3682991401879664e-02, 0.0, 0.0, 0.0, 0.0, 0.0, 0.0, 0.0, 0.0, 0.0, 0.0, 0.0, 0.0, 0.0, 0.0, 0.0, 0.0, 0.0, 0.0, 0.0, 0.0, 0.0, 0.0, 0.0, 0.0, 0.0, 0.0, 0.0, 0.0, 0.0, 0.0, 0.0, 0.0, 0.0, 0.0, 0.0, 0.0, 0.0, 0.0, 0.0, 0.0, 0.0, 0.0, 0.0, 0.0, 0.0, 0.0, 0.0, 0.0, 0.0, 0.0, 0.0, 0.0, 0.0, 0.0, 0.0, 0.0, 0.0, 0.0, 0.0, 0.0, 0.0, 0.0, 0.0, 0.0, 0.0, 0.0, 0.0, 0.0, 0.0, 0.0, 0.0, 0.0, 0.0, 0.0, 0.0, 0.0, 0.0, 0.0, 0.0, 0.0, 0.0, 0.0, 0.0, 0.0, 0.0, 0.0, 0.0, 0.0, 0.0, 0.0, 0.0, 0.0, 0.0, 0.0, 0.0, 0.0, 0.0, 0.0, 0.0, 0.0, 0.0, 0.0, 0.0, 0.0, 0.0, 0.0, 0.0, 0.0, 0.0, 0.0, 0.0, 0.0, 0.0, 0.0, 0.0, 0.0, 0.0, 0.0, 0.0, 0.0, 0.0, 0.0, 0.0, 0.0, 0.0, 0.0, 0.0, 0.0, 0.0, 0.0, 0.0, 0.0, 0.0, 0.0, 0.0, 0.0, 0.0, 0.0, 0.0, 0.0, 0.0, 0.0, 0.0, 0.0, 0.0, 0.0, 0.0, 0.0, 0.0, 0.0, 0.0, 0.0, 0.0, 0.0, 0.0, 0.0, 0.0, 0.0, 0.0, 0.0, 0.0, 0.0, 0.0, 0.0, 0.0, 0.0, 0.0, 0.0, 0.0, 0.0, 0.0, 0.0, 0.0, 0.0, 0.0, 5.4885231820368903e-03, -5.4509305239239367e-04, 5.5637084982627944e-03, -3.2705583782994168e-03, 1.0525934893018713e-03, 0.0, 0.0, 0.0, 0.0, 0.0, 0.0, 0.0, 5.4885231820368903e-03, -5.4509305239239367e-04, 5.5637084982627944e-03, -3.2705583782994168e-03, 1.0525934893018713e-03, 0.0, 0.0, 0.0, 0.0, 0.0, 0.0, 0.0, -5.4509305239239367e-04, 5.4885231820368903e-03, 1.0525934893018713e-03, -3.2705583782994168e-03, 5.5637084982627944e-03, 0.0, 0.0, 0.0, 0.0, 0.0, 0.0, 0.0, -5.4509305239239367e-04, 5.4885231820368903e-03, 1.0525934893018713e-03, -3.2705583782994168e-03, 5.5637084982627944e-03, 0.0, 0.0, 0.0, 0.0, 0.0, 0.0, 0.0, 5.5637084982627944e-03, 1.0525934893018713e-03, 3.3682991401879664e-02, -7.2177839631814332e-03, 4.8118559754542897e-03, 0.0, 0.0, 0.0, 0.0, 0.0, 0.0, 0.0, 5.5637084982627944e-03, 1.0525934893018713e-03, 3.3682991401879664e-02, -7.2177839631814332e-03, 4.8118559754542897e-03, 0.0, 0.0, 0.0, 0.0, 0.0, 0.0, 0.0, -3.2705583782994168e-03, -3.2705583782994168e-03, -7.2177839631814332e-03, 3.5186696660646853e-02, -7.2177839631814332e-03, 0.0, 0.0, 0.0, 0.0, 0.0, 0.0, 0.0, -3.2705583782994168e-03, -3.2705583782994168e-03, -7.2177839631814332e-03, 3.5186696660646853e-02, -7.2177839631814332e-03, 0.0, 0.0, 0.0, 0.0, 0.0, 0.0, 0.0, 1.0525934893018713e-03, 5.5637084982627944e-03, 4.8118559754542897e-03, -7.2177839631814332e-03, 3.3682991401879664e-02, 0.0, 0.0, 0.0, 0.0, 0.0, 0.0, 0.0, 1.0525934893018713e-03, 5.5637084982627944e-03, 4.8118559754542897e-03, -7.2177839631814332e-03, 3.3682991401879664e-02, 0.0, 0.0, 0.0, 0.0, 0.0, 0.0, 0.0, 0.0, 0.0, 0.0, 0.0, 0.0, 0.0, 0.0, 0.0, 0.0, 0.0, 0.0, 0.0, 0.0, 0.0, 0.0, 0.0, 0.0, 0.0, 0.0, 0.0, 0.0, 0.0, 0.0, 0.0, 0.0, 0.0, 0.0, 0.0, 0.0, 0.0, 0.0, 0.0, 0.0, 0.0, 0.0, 0.0, 0.0, 0.0, 0.0, 0.0, 0.0, 0.0, 0.0, 0.0, 0.0, 0.0, 0.0, 0.0, 0.0, 0.0, 0.0, 0.0, 0.0, 0.0, 0.0, 0.0, 0.0, 0.0, 0.0, 0.0, 0.0, 0.0, 0.0, 0.0, 0.0, 0.0, 0.0, 0.0, 0.0, 0.0, 0.0, 0.0, 0.0, 0.0, 0.0, 0.0, 0.0, 0.0, 0.0, 0.0, 0.0, 0.0, 0.0, 0.0, 0.0, 0.0, 0.0, 0.0, 0.0, 0.0, 0.0, 0.0, 0.0, 0.0, 0.0, 0.0, 0.0, 0.0, 0.0, 0.0, 0.0, 0.0, 0.0, 0.0, 0.0, 0.0, 0.0, 0.0, 0.0, 0.0, 0.0, 0.0, 0.0, 0.0, 0.0, 0.0, 0.0, 0.0, 0.0, 0.0, 0.0, 0.0, 0.0, 0.0, 0.0, 0.0, 0.0, 0.0, 0.0, 0.0, 0.0, 0.0, 0.0, 0.0, 0.0, 0.0, 0.0, 0.0, 0.0, 0.0, 0.0, 0.0, 0.0], 
            "tabulate_tensor_0_1": [0.0, 0.0, 0.0, 0.0, 0.0, 0.0, 0.0, 0.0, 0.0, 0.0, 0.0, 0.0, 0.0, 0.0, 0.0, 0.0, 0.0, 0.0, 0.0, 0.0, 0.0, 0.0, 0.0, 0.0, 0.0, 5.4885231820368903e-03, -5.4509305239239367e-04, 5.5637084982627944e-03, -3.2705583782994168e-03, 1.0525934893018713e-03, 0.0, 0.0, 0.0, 0.0, 0.0, 0.0, 5.4885231820368903e-03, 0.0, -5.4509305239239367e-04, 0.0, 0.0, 0.0, 5.5637084982627944e-03, -3.2705583782994168e-03, 1.0525934893018713e-03, 0.0, 0.0, 0.0, 0.0, -5.4509305239239367e-04, 5.4885231820368903e-03, 1.0525934893018713e-03, -3.2705583782994168e-03, 5.5637084982627944e-03, 0.0, 0.0, 0.0, 0.0, 0.0, 0.0, -5.4509305239239367e-04, 0.0, 5.4885231820368903e-03, 0.0, 0.0, 0.0, 1.0525934893018713e-03, -3.2705583782994168e-03, 5.5637084982627944e-03, 0.0, 0.0, 0.0, 0.0, 5.5637084982627944e-03, 1.0525934893018713e-03, 3.3682991401879664e-02, -7.2177839631814332e-03, 4.8118559754542897e-03, 0.0, 0.0, 0.0, 0.0, 0.0, 0.0, 5.5637084982627944e-03, 0.0, 1.0525934893018713e-03, 0.0, 0.0, 0.0, 3.3682991401879664e-02, -7.2177839631814332e-03, 4.8118559754542897e-03, 0.0, 0.0, 0.0, 0.0, -3.2705583782994168e-03, -3.2705583782994168e-03, -7.2177839631814332e-03, 3.5186696660646853e-02, -7.2177839631814332e-03, 0.0, 0.0, 0.0, 0.0, 0.0, 0.0, -3.2705583782994168e-03, 0.0, -3.2705583782994168e-03, 0.0, 0.0, 0.0, -7.2177839631814332e-03, 3.5186696660646853e-02, -7.2177839631814332e-03, 0.0, 0.0, 0.0, 0.0, 1.0525934893018713e-03, 5.5637084982627944e-03, 4.8118559754542897e-03, -7.2177839631814332e-03, 3.3682991401879664e-02, 0.0, 0.0, 0.0, 0.0, 0.0, 0.0, 1.0525934893018713e-03, 0.0, 5.5637084982627944e-03, 0.0, 0.0, 0.0, 4.8118559754542897e-03, -7.2177839631814332e-03, 3.3682991401879664e-02, 0.0, 0.0, 0.0, 0.0, 0.0, 0.0, 0.0, 0.0, 0.0, 0.0, 0.0, 0.0, 0.0, 0.0, 0.0, 0.0, 0.0, 0.0, 0.0, 0.0, 0.0, 0.0, 0.0, 0.0, 0.0, 0.0, 0.0, 0.0, 0.0, 0.0, 0.0, 0.0, 0.0, 0.0, 0.0, 0.0, 0.0, 0.0, 0.0, 0.0, 0.0, 0.0, 0.0, 0.0, 0.0, 0.0, 0.0, 0.0, 0.0, 0.0, 0.0, 0.0, 0.0, 0.0, 0.0, 0.0, 0.0, 0.0, 0.0, 0.0, 0.0, 0.0, 0.0, 0.0, 0.0, 0.0, 0.0, 0.0, 0.0, 0.0, 0.0, 0.0, 0.0, 0.0, 0.0, 0.0, 0.0, 0.0, 0.0, 0.0, 0.0, 0.0, 0.0, 0.0, 0.0, 0.0, 0.0, 0.0, 0.0, 0.0, 0.0, 0.0, 0.0, 0.0, 0.0, 0.0, 0.0, 0.0, 0.0, 0.0, 0.0, 0.0, 0.0, 0.0, 0.0, 0.0, 0.0, 0.0, 0.0, 0.0, 0.0, 0.0, 0.0, 0.0, 0.0, 0.0, 0.0, 0.0, 0.0, 0.0, 0.0, 0.0, 0.0, 0.0, 0.0, 0.0, 0.0, 0.0, 0.0, 0.0, 0.0, 0.0, 0.0, 0.0, 0.0, 0.0, 0.0, 0.0, 0.0, 0.0, 0.0, 0.0, 0.0, 0.0, 0.0, 0.0, 0.0, 0.0, 5.4885231820368903e-03, -5.4509305239239367e-04, 5.5637084982627944e-03, -3.2705583782994168e-03, 1.0525934893018713e-03, 0.0, 0.0, 0.0, 0.0, 0.0, 0.0, 5.4885231820368903e-03, 0.0, -5.4509305239239367e-04, 0.0, 0.0, 0.0, 5.5637084982627944e-03, -3.2705583782994168e-03, 1.0525934893018713e-03, 0.0, 0.0, 0.0, 0.0, 0.0, 0.0, 0.0, 0.0, 0.0, 0.0, 0.0, 0.0, 0.0, 0.0, 0.0, 0.0, 0.0, 0.0, 0.0, 0.0, 0.0, 0.0, 0.0, 0.0, 0.0, 0.0, 0.0, 0.0, -5.4509305239239367e-04, 5.4885231820368903e-03, 1.0525934893018713e-03, -3.2705583782994168e-03, 5.5637084982627944e-03, 0.0, 0.0, 0.0, 0.0, 0.0, 0.0, -5.4509305239239367e-04, 0.0, 5.4885231820368903e-03, 0.0, 0.0, 0.0, 1.0525934893018713e-03, -3.2705583782994168e-03, 5.5637084982627944e-03, 0.0, 0.0, 0.0, 0.0, 0.0, 0.0, 0.0, 0.0, 0.0, 0.0, 0.0, 0.0, 0.0, 0.0, 0.0, 0.0, 0.0, 0.0, 0.0, 0.0, 0.0, 0.0, 0.0, 0.0, 0.0, 0.0, 0.0, 0.0, 0.0, 0.0, 0.0, 0.0, 0.0, 0.0, 0.0, 0.0, 0.0, 0.0, 0.0, 0.0, 0.0, 0.0, 0.0, 0.0, 0.0, 0.0, 0.0, 0.0, 0.0, 0.0, 0.0, 0.0, 0.0, 0.0, 0.0, 0.0, 0.0, 0.0, 0.0, 0.0, 0.0, 0.0, 0.0, 0.0, 0.0, 0.0, 0.0, 0.0, 0.0, 0.0, 0.0, 0.0, 0.0, 0.0, 0.0, 0.0, 5.5637084982627944e-03, 1.0525934893018713e-03, 3.3682991401879664e-02, -7.2177839631814332e-03, 4.8118559754542897e-03, 0.0, 0.0, 0.0, 0.0, 0.0, 0.0, 5.5637084982627944e-03, 0.0, 1.0525934893018713e-03, 0.0, 0.0, 0.0, 3.3682991401879664e-02, -7.2177839631814332e-03, 4.8118559754542897e-03, 0.0, 0.0, 0.0, 0.0, -3.2705583782994168e-03, -3.2705583782994168e-03, -7.2177839631814332e-03, 3.5186696660646853e-02, -7.2177839631814332e-03, 0.0, 0.0, 0.0, 0.0, 0.0, 0.0, -3.2705583782994168e-03, 0.0, -3.2705583782994168e-03, 0.0, 0.0, 0.0, -7.2177839631814332e-03, 3.5186696660646853e-02, -7.2177839631814332e-03, 0.0, 0.0, 0.0, 0.0, 1.0525934893018713e-03, 5.5637084982627944e-03, 4.8118559754542897e-03, -7.2177839631814332e-03, 3.3682991401879664e-02, 0.0, 0.0, 0.0, 0.0, 0.0, 0.0, 1.0525934893018713e-03, 0.0, 5.5637084982627944e-03, 0.0, 0.0, 0.0, 4.8118559754542897e-03, -7.2177839631814332e-03, 3.3682991401879664e-02, 0.0, 0.0, 0.0, 0.0, 0.0, 0.0, 0.0, 0.0, 0.0, 0.0, 0.0, 0.0, 0.0, 0.0, 0.0, 0.0, 0.0, 0.0, 0.0, 0.0, 0.0, 0.0, 0.0, 0.0, 0.0, 0.0, 0.0, 0.0, 0.0, 0.0, 0.0, 0.0, 0.0, 0.0, 0.0, 0.0, 0.0, 0.0, 0.0, 0.0, 0.0, 0.0, 0.0, 0.0, 0.0, 0.0, 0.0, 0.0, 0.0, 0.0, 0.0, 0.0, 0.0, 0.0, 0.0, 0.0, 0.0, 0.0, 0.0, 0.0, 0.0, 0.0, 0.0, 0.0, 0.0, 0.0, 0.0, 0.0, 0.0, 0.0, 0.0, 0.0, 0.0, 0.0, 0.0], 
            "tabulate_tensor_0_2": [0.0, 0.0, 0.0, 0.0, 0.0, 0.0, 0.0, 0.0, 0.0, 0.0, 0.0, 0.0, 0.0, 0.0, 0.0, 0.0, 0.0, 0.0, 0.0, 0.0, 0.0, 0.0, 0.0, 0.0, 0.0, 5.4885231820368903e-03, -5.4509305239239367e-04, 5.5637084982627944e-03, -3.2705583782994168e-03, 1.0525934893018713e-03, 0.0, 0.0, 0.0, 0.0, 0.0, 0.0, 5.4885231820368903e-03, -5.4509305239239367e-04, 0.0, 0.0, 0.0, 0.0, 0.0, 0.0, 0.0, 5.5637084982627944e-03, -3.2705583782994168e-03, 1.0525934893018713e-03, 0.0, -5.4509305239239367e-04, 5.4885231820368903e-03, 1.0525934893018713e-03, -3.2705583782994168e-03, 5.5637084982627944e-03, 0.0, 0.0, 0.0, 0.0, 0.0, 0.0, -5.4509305239239367e-04, 5.4885231820368903e-03, 0.0, 0.0, 0.0, 0.0, 0.0, 0.0, 0.0, 1.0525934893018713e-03, -3.2705583782994168e-03, 5.5637084982627944e-03, 0.0, 5.5637084982627944e-03, 1.0525934893018713e-03, 3.3682991401879664e-02, -7.2177839631814332e-03, 4.8118559754542897e-03, 0.0, 0.0, 0.0, 0.0, 0.0, 0.0, 5.5637084982627944e-03, 1.0525934893018713e-03, 0.0, 0.0, 0.0, 0.0, 0.0, 0.0, 0.0, 3.3682991401879664e-02, -7.2177839631814332e-03, 4.8118559754542897e-03, 0.0, -3.2705583782994168e-03, -3.2705583782994168e-03, -7.2177839631814332e-03, 3.5186696660646853e-02, -7.2177839631814332e-03, 0.0, 0.0, 0.0, 0.0, 0.0, 0.0, -3.2705583782994168e-03, -3.2705583782994168e-03, 0.0, 0.0, 0.0, 0.0, 0.0, 0.0, 0.0, -7.2177839631814332e-03, 3.5186696660646853e-02, -7.2177839631814332e-03, 0.0, 1.0525934893018713e-03, 5.5637084982627944e-03, 4.8118559754542897e-03, -7.2177839631814332e-03, 3.3682991401879664e-02, 0.0, 0.0, 0.0, 0.0, 0.0, 0.0, 1.0525934893018713e-03, 5.5637084982627944e-03, 0.0, 0.0, 0.0, 0.0, 0.0, 0.0, 0.0, 4.8118559754542897e-03, -7.2177839631814332e-03, 3.3682991401879664e-02, 0.0, 0.0, 0.0, 0.0, 0.0, 0.0, 0.0, 0.0, 0.0, 0.0, 0.0, 0.0, 0.0, 0.0, 0.0, 0.0, 0.0, 0.0, 0.0, 0.0, 0.0, 0.0, 0.0, 0.0, 0.0, 0.0, 0.0, 0.0, 0.0, 0.0, 0.0, 0.0, 0.0, 0.0, 0.0, 0.0, 0.0, 0.0, 0.0, 0.0, 0.0, 0.0, 0.0, 0.0, 0.0, 0.0, 0.0, 0.0, 0.0, 0.0, 0.0, 0.0, 0.0, 0.0, 0.0, 0.0, 0.0, 0.0, 0.0, 0.0, 0.0, 0.0, 0.0, 0.0, 0.0, 0.0, 0.0, 0.0, 0.0, 0.0, 0.0, 0.0, 0.0, 0.0, 0.0, 0.0, 0.0, 0.0, 0.0, 0.0, 0.0, 0.0, 0.0, 0.0, 0.0, 0.0, 0.0, 0.0, 0.0, 0.0, 0.0, 0.0, 0.0, 0.0, 0.0, 0.0, 0.0, 0.0, 0.0, 0.0, 0.0, 0.0, 0.0, 0.0, 0.0, 0.0, 0.0, 0.0, 0.0, 0.0, 0.0, 0.0, 0.0, 0.0, 0.0, 0.0, 0.0, 0.0, 0.0, 0.0, 0.0, 0.0, 0.0, 0.0, 0.0, 0.0, 0.0, 0.0, 0.0, 0.0, 0.0, 0.0, 0.0, 0.0, 0.0, 0.0, 0.0, 0.0, 0.0, 0.0, 0.0, 0.0, 0.0, 0.0, 0.0, 5.4885231820368903e-03, -5.4509305239239367e-04, 5.5637084982627944e-03, -3.2705583782994168e-03, 1.0525934893018713e-03, 0.0, 0.0, 0.0, 0.0, 0.0, 0.0, 5.4885231820368903e-03, -5.4509305239239367e-04, 0.0, 0.0, 0.0, 0.0, 0.0, 0.0, 0.0, 5.5637084982627944e-03, -3.2705583782994168e-03, 1.0525934893018713e-03, 0.0, -5.4509305239239367e-04, 5.4885231820368903e-03, 1.0525934893018713e-03, -3.2705583782994168e-03, 5.5637084982627944e-03, 0.0, 0.0, 0.0, 0.0, 0.0, 0.0, -5.4509305239239367e-04, 5.4885231820368903e-03, 0.0, 0.0, 0.0, 0.0, 0.0, 0.0, 0.0, 1.0525934893018713e-03, -3.2705583782994168e-03, 5.5637084982627944e-03, 0.0, 0.0, 0.0, 0.0, 0.0, 0.0, 0.0, 0.0, 0.0, 0.0, 0.0, 0.0, 0.0, 0.0, 0.0, 0.0, 0.0, 0.0, 0.0, 0.0, 0.0, 0.0, 0.0, 0.0, 0.0, 0.0, 0.0, 0.0, 0.0, 0.0, 0.0, 0.0, 0.0, 0.0, 0.0, 0.0, 0.0, 0.0, 0.0, 0.0, 0.0, 0.0, 0.0, 0.0, 0.0, 0.0, 0.0, 0.0, 0.0, 0.0, 0.0, 0.0, 0.0, 0.0, 0.0, 0.0, 0.0, 0.0, 0.0, 0.0, 0.0, 0.0, 0.0, 0.0, 0.0, 0.0, 0.0, 0.0, 0.0, 0.0, 0.0, 0.0, 0.0, 0.0, 0.0, 0.0, 0.0, 0.0, 0.0, 0.0, 0.0, 0.0, 0.0, 0.0, 0.0, 0.0, 0.0, 0.0, 0.0, 0.0, 0.0, 0.0, 0.0, 0.0, 0.0, 0.0, 0.0, 0.0, 0.0, 0.0, 0.0, 0.0, 0.0, 0.0, 0.0, 0.0, 0.0, 0.0, 0.0, 0.0, 0.0, 0.0, 0.0, 0.0, 0.0, 0.0, 0.0, 0.0, 0.0, 0.0, 0.0, 0.0, 0.0, 0.0, 0.0, 0.0, 0.0, 0.0, 0.0, 0.0, 0.0, 0.0, 0.0, 0.0, 0.0, 0.0, 0.0, 0.0, 0.0, 0.0, 0.0, 0.0, 0.0, 0.0, 0.0, 0.0, 0.0, 0.0, 0.0, 0.0, 0.0, 0.0, 0.0, 0.0, 0.0, 0.0, 0.0, 0.0, 0.0, 0.0, 0.0, 0.0, 0.0, 0.0, 0.0, 0.0, 0.0, 0.0, 0.0, 5.5637084982627944e-03, 1.0525934893018713e-03, 3.3682991401879664e-02, -7.2177839631814332e-03, 4.8118559754542897e-03, 0.0, 0.0, 0.0, 0.0, 0.0, 0.0, 5.5637084982627944e-03, 1.0525934893018713e-03, 0.0, 0.0, 0.0, 0.0, 0.0, 0.0, 0.0, 3.3682991401879664e-02, -7.2177839631814332e-03, 4.8118559754542897e-03, 0.0, -3.2705583782994168e-03, -3.2705583782994168e-03, -7.2177839631814332e-03, 3.5186696660646853e-02, -7.2177839631814332e-03, 0.0, 0.0, 0.0, 0.0, 0.0, 0.0, -3.2705583782994168e-03, -3.2705583782994168e-03, 0.0, 0.0, 0.0, 0.0, 0.0, 0.0, 0.0, -7.2177839631814332e-03, 3.5186696660646853e-02, -7.2177839631814332e-03, 0.0, 1.0525934893018713e-03, 5.5637084982627944e-03, 4.8118559754542897e-03, -7.2177839631814332e-03, 3.3682991401879664e-02, 0.0, 0.0, 0.0, 0.0, 0.0, 0.0, 1.0525934893018713e-03, 5.5637084982627944e-03, 0.0, 0.0, 0.0, 0.0, 0.0, 0.0, 0.0, 4.8118559754542897e-03, -7.2177839631814332e-03, 3.3682991401879664e-02], 
