{
    "form_0": {
        "rank": 2, 
        "num_coefficients": 0, 
        "has_cell_integrals": 1, 
        "has_exterior_facet_integrals": 0, 
        "has_interior_facet_integrals": 1, 
        "has_vertex_integrals": 0, 
        "max_cell_subdomain_id": 0, 
        "max_exterior_facet_subdomain_id": 0, 
        "max_interior_facet_subdomain_id": 0, 
        "max_vertex_subdomain_id": 0, 
        "finite_element_0": {
            "cell_shape": 1, 
            "space_dimension": 3, 
            "value_rank": 0, 
            "evaluate_basis:_0": [1.4718852622922429e+00], 
            "evaluate_basis:_1": [2.0266705413493233e+00], 
            "evaluate_basis:_2": [-2.4985557203629258e+00], 
            "evaluate_basis_all": [1.4718852622922429e+00, 2.0266705413493233e+00, -2.4985557203629258e+00, 0.0, 0.0, 0.0, 0.0, 0.0, 0.0, 0.0, 0.0, 0.0], 
            "evaluate_basis_derivatives_0_0": [1.4718852622922429e+00], 
            "evaluate_basis_derivatives_0_1": [8.5585277568607676e-02, -2.2787085025842555e+00], 
            "evaluate_basis_derivatives_0_2": [0.0, 0.0, 0.0, 0.0], 
            "evaluate_basis_derivatives_1_0": [2.0266705413493233e+00], 
            "evaluate_basis_derivatives_1_1": [-2.3642938479375970e+00, 4.4932274890774304e-01], 
            "evaluate_basis_derivatives_1_2": [0.0, 0.0, 0.0, 0.0], 
            "evaluate_basis_derivatives_2_0": [-2.4985557203629258e+00], 
            "evaluate_basis_derivatives_2_1": [2.2787085020077340e+00, 1.8293856987949413e+00], 
            "evaluate_basis_derivatives_2_2": [0.0, 0.0, 0.0, 0.0], 
            "evaluate_basis_derivatives_all_0": [1.4718852622922429e+00, 2.0266705413493233e+00, -2.4985557203629258e+00], 
            "evaluate_basis_derivatives_all_1": [8.5585277568607676e-02, -2.2787085025842555e+00, -2.3642938479375970e+00, 4.4932274890774304e-01, 2.2787085020077340e+00, 1.8293856987949413e+00], 
            "evaluate_basis_derivatives_all_2": [0.0, 0.0, 0.0, 0.0, 0.0, 0.0, 0.0, 0.0, 0.0, 0.0, 0.0, 0.0], 
            "evaluate_dof_0": 3.0792300000000006e-01, 
            "evaluate_dof_1": 4.3028700000000003e-01, 
            "evaluate_dof_2": 7.7282099999999998e-01, 
            "evaluate_dofs": [3.0792300000000006e-01, 4.3028700000000003e-01, 7.7282099999999998e-01], 
            "interpolate_vertex_values": [3.0792300000000006e-01, 4.3028700000000003e-01, 7.7282099999999998e-01], 
            "tabulate_dof_coordinates": [9.0300000000000002e-01, 3.4100000000000003e-01, 5.6100000000000005e-01, 7.6700000000000002e-01, 9.8699999999999999e-01, 7.8300000000000003e-01], 
            "num_sub_elements": 0, 
        },
        "finite_element_1": {
            "cell_shape": 1, 
            "space_dimension": 3, 
            "value_rank": 0, 
            "evaluate_basis:_0": [1.4718852622922429e+00], 
            "evaluate_basis:_1": [2.0266705413493233e+00], 
            "evaluate_basis:_2": [-2.4985557203629258e+00], 
            "evaluate_basis_all": [1.4718852622922429e+00, 2.0266705413493233e+00, -2.4985557203629258e+00, 0.0, 0.0, 0.0, 0.0, 0.0, 0.0, 0.0, 0.0, 0.0], 
            "evaluate_basis_derivatives_0_0": [1.4718852622922429e+00], 
            "evaluate_basis_derivatives_0_1": [8.5585277568607676e-02, -2.2787085025842555e+00], 
            "evaluate_basis_derivatives_0_2": [0.0, 0.0, 0.0, 0.0], 
            "evaluate_basis_derivatives_1_0": [2.0266705413493233e+00], 
            "evaluate_basis_derivatives_1_1": [-2.3642938479375970e+00, 4.4932274890774304e-01], 
            "evaluate_basis_derivatives_1_2": [0.0, 0.0, 0.0, 0.0], 
            "evaluate_basis_derivatives_2_0": [-2.4985557203629258e+00], 
            "evaluate_basis_derivatives_2_1": [2.2787085020077340e+00, 1.8293856987949413e+00], 
            "evaluate_basis_derivatives_2_2": [0.0, 0.0, 0.0, 0.0], 
            "evaluate_basis_derivatives_all_0": [1.4718852622922429e+00, 2.0266705413493233e+00, -2.4985557203629258e+00], 
            "evaluate_basis_derivatives_all_1": [8.5585277568607676e-02, -2.2787085025842555e+00, -2.3642938479375970e+00, 4.4932274890774304e-01, 2.2787085020077340e+00, 1.8293856987949413e+00], 
            "evaluate_basis_derivatives_all_2": [0.0, 0.0, 0.0, 0.0, 0.0, 0.0, 0.0, 0.0, 0.0, 0.0, 0.0, 0.0], 
            "evaluate_dof_0": 3.0792300000000006e-01, 
            "evaluate_dof_1": 4.3028700000000003e-01, 
            "evaluate_dof_2": 7.7282099999999998e-01, 
            "evaluate_dofs": [3.0792300000000006e-01, 4.3028700000000003e-01, 7.7282099999999998e-01], 
            "interpolate_vertex_values": [3.0792300000000006e-01, 4.3028700000000003e-01, 7.7282099999999998e-01], 
            "tabulate_dof_coordinates": [9.0300000000000002e-01, 3.4100000000000003e-01, 5.6100000000000005e-01, 7.6700000000000002e-01, 9.8699999999999999e-01, 7.8300000000000003e-01], 
            "num_sub_elements": 0, 
        },
        "dofmap_0": {
            "needs_mesh_entities_0": 0, 
            "needs_mesh_entities_1": 0, 
            "needs_mesh_entities_2": 1, 
            "global_dimension": 30009, 
            "num_element_dofs": 3, 
            "num_facet_dofs": 0, 
            "num_entity_dofs_0": 0, 
            "num_entity_dofs_1": 0, 
            "num_entity_dofs_2": 3, 
            "tabulate_dofs": [0, 1, 2], 
            "tabulate_facet_dofs_0": [], 
            "tabulate_facet_dofs_1": [], 
            "tabulate_facet_dofs_2": [], 
            "tabulate_entity_dofs_0_0": [], 
            "tabulate_entity_dofs_0_1": [], 
            "tabulate_entity_dofs_0_2": [], 
            "tabulate_entity_dofs_1_0": [], 
            "tabulate_entity_dofs_1_1": [], 
            "tabulate_entity_dofs_1_2": [], 
            "tabulate_entity_dofs_2_0": [0, 1, 2], 
            "num_sub_dofmaps": 0, 
        },
        "dofmap_1": {
            "needs_mesh_entities_0": 0, 
            "needs_mesh_entities_1": 0, 
            "needs_mesh_entities_2": 1, 
            "global_dimension": 30009, 
            "num_element_dofs": 3, 
            "num_facet_dofs": 0, 
            "num_entity_dofs_0": 0, 
            "num_entity_dofs_1": 0, 
            "num_entity_dofs_2": 3, 
            "tabulate_dofs": [0, 1, 2], 
            "tabulate_facet_dofs_0": [], 
            "tabulate_facet_dofs_1": [], 
            "tabulate_facet_dofs_2": [], 
            "tabulate_entity_dofs_0_0": [], 
            "tabulate_entity_dofs_0_1": [], 
            "tabulate_entity_dofs_0_2": [], 
            "tabulate_entity_dofs_1_0": [], 
            "tabulate_entity_dofs_1_1": [], 
            "tabulate_entity_dofs_1_2": [], 
            "tabulate_entity_dofs_2_0": [0, 1, 2], 
            "num_sub_dofmaps": 0, 
        },
        "default_cell_integral": 1, 
        "cell_integral": {
            "tabulate_tensor": [4.8604959667929037e-01, -1.1462010826539998e-01, -3.7142948841389040e-01, -1.1462010826539998e-01, 5.4138049083167528e-01, -4.2676038256627530e-01, -3.7142948841389040e-01, -4.2676038256627530e-01, 7.9818987098016569e-01], 
        },
        "default_exterior_facet_integral": 0, 
        "default_interior_facet_integral": 1, 
        "interior_facet_integral": {
            "tabulate_tensor_0_0": [-5.5417313849007166e-01, 1.3068498681096619e-01, 4.2348815167910547e-01, 5.5417313849007144e-01, -4.2348815167910525e-01, -1.3068498681096619e-01, 1.3068498681096619e-01, -6.1725907761517163e-01, 4.8657409080420544e-01, -1.3068498681096608e-01, -4.8657409080420544e-01, 6.1725907761517151e-01, 4.2348815167910547e-01, 4.8657409080420544e-01, -9.1006224248331091e-01, -4.2348815167910536e-01, 9.1006224248331069e-01, -4.8657409080420533e-01, 5.5417313849007144e-01, -1.3068498681096608e-01, -4.2348815167910536e-01, -5.5417313849007144e-01, 4.2348815167910536e-01, 1.3068498681096608e-01, -4.2348815167910525e-01, -4.8657409080420544e-01, 9.1006224248331069e-01, 4.2348815167910536e-01, -9.1006224248331069e-01, 4.8657409080420533e-01, -1.3068498681096619e-01, 6.1725907761517151e-01, -4.8657409080420533e-01, 1.3068498681096608e-01, 4.8657409080420533e-01, -6.1725907761517140e-01], 
            "tabulate_tensor_0_1": [-5.5417313849007166e-01, 1.3068498681096619e-01, 4.2348815167910547e-01, -4.2348815167910547e-01, 5.5417313849007166e-01, -1.3068498681096619e-01, 1.3068498681096619e-01, -6.1725907761517163e-01, 4.8657409080420544e-01, -4.8657409080420544e-01, -1.3068498681096621e-01, 6.1725907761517163e-01, 4.2348815167910547e-01, 4.8657409080420544e-01, -9.1006224248331091e-01, 9.1006224248331091e-01, -4.2348815167910547e-01, -4.8657409080420544e-01, -4.2348815167910547e-01, -4.8657409080420544e-01, 9.1006224248331091e-01, -9.1006224248331091e-01, 4.2348815167910547e-01, 4.8657409080420544e-01, 5.5417313849007166e-01, -1.3068498681096621e-01, -4.2348815167910547e-01, 4.2348815167910547e-01, -5.5417313849007166e-01, 1.3068498681096621e-01, -1.3068498681096619e-01, 6.1725907761517163e-01, -4.8657409080420544e-01, 4.8657409080420544e-01, 1.3068498681096621e-01, -6.1725907761517163e-01], 
            "tabulate_tensor_0_2": [-5.5417313849007166e-01, 1.3068498681096619e-01, 4.2348815167910547e-01, -4.2348815167910547e-01, -1.3068498681096619e-01, 5.5417313849007166e-01, 1.3068498681096619e-01, -6.1725907761517163e-01, 4.8657409080420544e-01, -4.8657409080420544e-01, 6.1725907761517163e-01, -1.3068498681096621e-01, 4.2348815167910547e-01, 4.8657409080420544e-01, -9.1006224248331091e-01, 9.1006224248331091e-01, -4.8657409080420544e-01, -4.2348815167910547e-01, -4.2348815167910547e-01, -4.8657409080420544e-01, 9.1006224248331091e-01, -9.1006224248331091e-01, 4.8657409080420544e-01, 4.2348815167910547e-01, -1.3068498681096619e-01, 6.1725907761517163e-01, -4.8657409080420544e-01, 4.8657409080420544e-01, -6.1725907761517163e-01, 1.3068498681096621e-01, 5.5417313849007166e-01, -1.3068498681096621e-01, -4.2348815167910547e-01, 4.2348815167910547e-01, 1.3068498681096621e-01, -5.5417313849007166e-01], 
            "tabulate_tensor_1_0": [-5.8486613879031035e-01, 1.3792300334557228e-01, 4.4694313544473807e-01, -1.3792300334557234e-01, -4.4694313544473796e-01, 5.8486613879031035e-01, 1.3792300334557228e-01, -6.5144610643108891e-01, 5.1352310308551663e-01, 6.5144610643108858e-01, -5.1352310308551630e-01, -1.3792300334557234e-01, 4.4694313544473807e-01, 5.1352310308551663e-01, -9.6046623853025470e-01, -5.1352310308551630e-01, 9.6046623853025426e-01, -4.4694313544473802e-01, -1.3792300334557239e-01, 6.5144610643108858e-01, -5.1352310308551630e-01, -6.5144610643108858e-01, 5.1352310308551607e-01, 1.3792300334557245e-01, -4.4694313544473796e-01, -5.1352310308551630e-01, 9.6046623853025426e-01, 5.1352310308551607e-01, -9.6046623853025404e-01, 4.4694313544473802e-01, 5.8486613879031035e-01, -1.3792300334557234e-01, -4.4694313544473802e-01, 1.3792300334557245e-01, 4.4694313544473802e-01, -5.8486613879031046e-01], 
            "tabulate_tensor_1_1": [-5.8486613879031035e-01, 1.3792300334557228e-01, 4.4694313544473807e-01, -4.4694313544473802e-01, -1.3792300334557228e-01, 5.8486613879031035e-01, 1.3792300334557228e-01, -6.5144610643108891e-01, 5.1352310308551663e-01, -5.1352310308551630e-01, 6.5144610643108858e-01, -1.3792300334557234e-01, 4.4694313544473807e-01, 5.1352310308551663e-01, -9.6046623853025470e-01, 9.6046623853025426e-01, -5.1352310308551630e-01, -4.4694313544473802e-01, -4.4694313544473807e-01, -5.1352310308551630e-01, 9.6046623853025426e-01, -9.6046623853025404e-01, 5.1352310308551585e-01, 4.4694313544473824e-01, -1.3792300334557228e-01, 6.5144610643108858e-01, -5.1352310308551630e-01, 5.1352310308551585e-01, -6.5144610643108813e-01, 1.3792300334557223e-01, 5.8486613879031035e-01, -1.3792300334557234e-01, -4.4694313544473802e-01, 4.4694313544473824e-01, 1.3792300334557223e-01, -5.8486613879031046e-01], 
            "tabulate_tensor_1_2": [-5.8486613879031035e-01, 1.3792300334557228e-01, 4.4694313544473807e-01, -4.4694313544473802e-01, 5.8486613879031035e-01, -1.3792300334557228e-01, 1.3792300334557228e-01, -6.5144610643108891e-01, 5.1352310308551663e-01, -5.1352310308551630e-01, -1.3792300334557234e-01, 6.5144610643108858e-01, 4.4694313544473807e-01, 5.1352310308551663e-01, -9.6046623853025470e-01, 9.6046623853025426e-01, -4.4694313544473802e-01, -5.1352310308551630e-01, -4.4694313544473807e-01, -5.1352310308551630e-01, 9.6046623853025426e-01, -9.6046623853025415e-01, 4.4694313544473824e-01, 5.1352310308551585e-01, 5.8486613879031035e-01, -1.3792300334557234e-01, -4.4694313544473802e-01, 4.4694313544473824e-01, -5.8486613879031046e-01, 1.3792300334557223e-01, -1.3792300334557228e-01, 6.5144610643108858e-01, -5.1352310308551630e-01, 5.1352310308551585e-01, 1.3792300334557223e-01, -6.5144610643108813e-01], 
            "tabulate_tensor_2_0": [-7.1016339608451307e-01, 1.6747057481675154e-01, 5.4269282126776153e-01, -5.4269282126776131e-01, -1.6747057481675187e-01, 7.1016339608451329e-01, 1.6747057481675154e-01, -7.9100694778810121e-01, 6.2353637297134967e-01, -6.2353637297134967e-01, 7.9100694778810110e-01, -1.6747057481675148e-01, 5.4269282126776153e-01, 6.2353637297134967e-01, -1.1662291942391112e+00, 1.1662291942391110e+00, -6.2353637297134923e-01, -5.4269282126776175e-01, -5.4269282126776131e-01, -6.2353637297134967e-01, 1.1662291942391110e+00, -1.1662291942391108e+00, 6.2353637297134901e-01, 5.4269282126776175e-01, -1.6747057481675187e-01, 7.9100694778810110e-01, -6.2353637297134923e-01, 6.2353637297134901e-01, -7.9100694778810066e-01, 1.6747057481675162e-01, 7.1016339608451329e-01, -1.6747057481675148e-01, -5.4269282126776175e-01, 5.4269282126776175e-01, 1.6747057481675162e-01, -7.1016339608451340e-01], 
            "tabulate_tensor_2_1": [-7.1016339608451307e-01, 1.6747057481675154e-01, 5.4269282126776153e-01, -1.6747057481675176e-01, -5.4269282126776142e-01, 7.1016339608451329e-01, 1.6747057481675154e-01, -7.9100694778810121e-01, 6.2353637297134967e-01, 7.9100694778810099e-01, -6.2353637297134956e-01, -1.6747057481675148e-01, 5.4269282126776153e-01, 6.2353637297134967e-01, -1.1662291942391112e+00, -6.2353637297134923e-01, 1.1662291942391110e+00, -5.4269282126776175e-01, -1.6747057481675182e-01, 7.9100694778810099e-01, -6.2353637297134923e-01, -7.9100694778810066e-01, 6.2353637297134890e-01, 1.6747057481675176e-01, -5.4269282126776142e-01, -6.2353637297134956e-01, 1.1662291942391110e+00, 6.2353637297134890e-01, -1.1662291942391105e+00, 5.4269282126776164e-01, 7.1016339608451329e-01, -1.6747057481675148e-01, -5.4269282126776175e-01, 1.6747057481675176e-01, 5.4269282126776164e-01, -7.1016339608451340e-01], 
            "tabulate_tensor_2_2": [-7.1016339608451307e-01, 1.6747057481675154e-01, 5.4269282126776153e-01, -1.6747057481675176e-01, 7.1016339608451329e-01, -5.4269282126776142e-01, 1.6747057481675154e-01, -7.9100694778810121e-01, 6.2353637297134967e-01, 7.9100694778810099e-01, -1.6747057481675148e-01, -6.2353637297134956e-01, 5.4269282126776153e-01, 6.2353637297134967e-01, -1.1662291942391112e+00, -6.2353637297134923e-01, -5.4269282126776175e-01, 1.1662291942391110e+00, -1.6747057481675176e-01, 7.9100694778810099e-01, -6.2353637297134923e-01, -7.9100694778810066e-01, 1.6747057481675176e-01, 6.2353637297134890e-01, 7.1016339608451329e-01, -1.6747057481675148e-01, -5.4269282126776175e-01, 1.6747057481675176e-01, -7.1016339608451340e-01, 5.4269282126776164e-01, -5.4269282126776142e-01, -6.2353637297134956e-01, 1.1662291942391110e+00, 6.2353637297134890e-01, 5.4269282126776164e-01, -1.1662291942391105e+00], 
        },
        "default_vertex_integral": 0, 
    },
    "form_1": {
        "rank": 1, 
        "num_coefficients": 1, 
        "has_cell_integrals": 1, 
        "has_exterior_facet_integrals": 0, 
        "has_interior_facet_integrals": 1, 
        "has_vertex_integrals": 0, 
        "max_cell_subdomain_id": 0, 
        "max_exterior_facet_subdomain_id": 0, 
        "max_interior_facet_subdomain_id": 0, 
        "max_vertex_subdomain_id": 0, 
        "finite_element_0": {
            "cell_shape": 1, 
            "space_dimension": 3, 
            "value_rank": 0, 
            "evaluate_basis:_0": [1.4718852622922429e+00], 
            "evaluate_basis:_1": [2.0266705413493233e+00], 
            "evaluate_basis:_2": [-2.4985557203629258e+00], 
            "evaluate_basis_all": [1.4718852622922429e+00, 2.0266705413493233e+00, -2.4985557203629258e+00, 0.0, 0.0, 0.0, 0.0, 0.0, 0.0, 0.0, 0.0, 0.0], 
            "evaluate_basis_derivatives_0_0": [1.4718852622922429e+00], 
            "evaluate_basis_derivatives_0_1": [8.5585277568607676e-02, -2.2787085025842555e+00], 
            "evaluate_basis_derivatives_0_2": [0.0, 0.0, 0.0, 0.0], 
            "evaluate_basis_derivatives_1_0": [2.0266705413493233e+00], 
            "evaluate_basis_derivatives_1_1": [-2.3642938479375970e+00, 4.4932274890774304e-01], 
            "evaluate_basis_derivatives_1_2": [0.0, 0.0, 0.0, 0.0], 
            "evaluate_basis_derivatives_2_0": [-2.4985557203629258e+00], 
            "evaluate_basis_derivatives_2_1": [2.2787085020077340e+00, 1.8293856987949413e+00], 
            "evaluate_basis_derivatives_2_2": [0.0, 0.0, 0.0, 0.0], 
            "evaluate_basis_derivatives_all_0": [1.4718852622922429e+00, 2.0266705413493233e+00, -2.4985557203629258e+00], 
            "evaluate_basis_derivatives_all_1": [8.5585277568607676e-02, -2.2787085025842555e+00, -2.3642938479375970e+00, 4.4932274890774304e-01, 2.2787085020077340e+00, 1.8293856987949413e+00], 
            "evaluate_basis_derivatives_all_2": [0.0, 0.0, 0.0, 0.0, 0.0, 0.0, 0.0, 0.0, 0.0, 0.0, 0.0, 0.0], 
            "evaluate_dof_0": 3.0792300000000006e-01, 
            "evaluate_dof_1": 4.3028700000000003e-01, 
            "evaluate_dof_2": 7.7282099999999998e-01, 
            "evaluate_dofs": [3.0792300000000006e-01, 4.3028700000000003e-01, 7.7282099999999998e-01], 
            "interpolate_vertex_values": [3.0792300000000006e-01, 4.3028700000000003e-01, 7.7282099999999998e-01], 
            "tabulate_dof_coordinates": [9.0300000000000002e-01, 3.4100000000000003e-01, 5.6100000000000005e-01, 7.6700000000000002e-01, 9.8699999999999999e-01, 7.8300000000000003e-01], 
            "num_sub_elements": 0, 
        },
        "finite_element_1": {
            "cell_shape": 1, 
            "space_dimension": 3, 
            "value_rank": 0, 
            "evaluate_basis:_0": [1.4718852622922429e+00], 
            "evaluate_basis:_1": [2.0266705413493233e+00], 
            "evaluate_basis:_2": [-2.4985557203629258e+00], 
            "evaluate_basis_all": [1.4718852622922429e+00, 2.0266705413493233e+00, -2.4985557203629258e+00, 0.0, 0.0, 0.0, 0.0, 0.0, 0.0, 0.0, 0.0, 0.0], 
            "evaluate_basis_derivatives_0_0": [1.4718852622922429e+00], 
            "evaluate_basis_derivatives_0_1": [8.5585277568607676e-02, -2.2787085025842555e+00], 
            "evaluate_basis_derivatives_0_2": [0.0, 0.0, 0.0, 0.0], 
            "evaluate_basis_derivatives_1_0": [2.0266705413493233e+00], 
            "evaluate_basis_derivatives_1_1": [-2.3642938479375970e+00, 4.4932274890774304e-01], 
            "evaluate_basis_derivatives_1_2": [0.0, 0.0, 0.0, 0.0], 
            "evaluate_basis_derivatives_2_0": [-2.4985557203629258e+00], 
            "evaluate_basis_derivatives_2_1": [2.2787085020077340e+00, 1.8293856987949413e+00], 
            "evaluate_basis_derivatives_2_2": [0.0, 0.0, 0.0, 0.0], 
            "evaluate_basis_derivatives_all_0": [1.4718852622922429e+00, 2.0266705413493233e+00, -2.4985557203629258e+00], 
            "evaluate_basis_derivatives_all_1": [8.5585277568607676e-02, -2.2787085025842555e+00, -2.3642938479375970e+00, 4.4932274890774304e-01, 2.2787085020077340e+00, 1.8293856987949413e+00], 
            "evaluate_basis_derivatives_all_2": [0.0, 0.0, 0.0, 0.0, 0.0, 0.0, 0.0, 0.0, 0.0, 0.0, 0.0, 0.0], 
            "evaluate_dof_0": 3.0792300000000006e-01, 
            "evaluate_dof_1": 4.3028700000000003e-01, 
            "evaluate_dof_2": 7.7282099999999998e-01, 
            "evaluate_dofs": [3.0792300000000006e-01, 4.3028700000000003e-01, 7.7282099999999998e-01], 
            "interpolate_vertex_values": [3.0792300000000006e-01, 4.3028700000000003e-01, 7.7282099999999998e-01], 
            "tabulate_dof_coordinates": [9.0300000000000002e-01, 3.4100000000000003e-01, 5.6100000000000005e-01, 7.6700000000000002e-01, 9.8699999999999999e-01, 7.8300000000000003e-01], 
            "num_sub_elements": 0, 
        },
        "dofmap_0": {
            "needs_mesh_entities_0": 0, 
            "needs_mesh_entities_1": 0, 
            "needs_mesh_entities_2": 1, 
            "global_dimension": 30009, 
            "num_element_dofs": 3, 
            "num_facet_dofs": 0, 
            "num_entity_dofs_0": 0, 
            "num_entity_dofs_1": 0, 
            "num_entity_dofs_2": 3, 
            "tabulate_dofs": [0, 1, 2], 
            "tabulate_facet_dofs_0": [], 
            "tabulate_facet_dofs_1": [], 
            "tabulate_facet_dofs_2": [], 
            "tabulate_entity_dofs_0_0": [], 
            "tabulate_entity_dofs_0_1": [], 
            "tabulate_entity_dofs_0_2": [], 
            "tabulate_entity_dofs_1_0": [], 
            "tabulate_entity_dofs_1_1": [], 
            "tabulate_entity_dofs_1_2": [], 
            "tabulate_entity_dofs_2_0": [0, 1, 2], 
            "num_sub_dofmaps": 0, 
        },
        "dofmap_1": {
            "needs_mesh_entities_0": 0, 
            "needs_mesh_entities_1": 0, 
            "needs_mesh_entities_2": 1, 
            "global_dimension": 30009, 
            "num_element_dofs": 3, 
            "num_facet_dofs": 0, 
            "num_entity_dofs_0": 0, 
            "num_entity_dofs_1": 0, 
            "num_entity_dofs_2": 3, 
            "tabulate_dofs": [0, 1, 2], 
            "tabulate_facet_dofs_0": [], 
            "tabulate_facet_dofs_1": [], 
            "tabulate_facet_dofs_2": [], 
            "tabulate_entity_dofs_0_0": [], 
            "tabulate_entity_dofs_0_1": [], 
            "tabulate_entity_dofs_0_2": [], 
            "tabulate_entity_dofs_1_0": [], 
            "tabulate_entity_dofs_1_1": [], 
            "tabulate_entity_dofs_1_2": [], 
            "tabulate_entity_dofs_2_0": [0, 1, 2], 
            "num_sub_dofmaps": 0, 
        },
        "default_cell_integral": 1, 
        "cell_integral": {
            "tabulate_tensor": [-8.5747908509318127e-02, -3.1214027430087540e-02, 1.1696193593940565e-01], 
        },
        "default_exterior_facet_integral": 0, 
        "default_interior_facet_integral": 1, 
        "interior_facet_integral": {
            "tabulate_tensor_0_0": [2.9280316486814006e-02, 1.1038331684193775e-01, -1.3966363332875176e-01, -2.9280316486813951e-02, 1.3966363332875170e-01, -1.1038331684193770e-01], 
            "tabulate_tensor_0_1": [1.2704644550373168e-01, 1.4597222724126169e-01, -2.7301867274499336e-01, 2.7301867274499336e-01, -1.2704644550373162e-01, -1.4597222724126169e-01], 
            "tabulate_tensor_0_2": [1.9553225803383550e-01, 7.1177820798647831e-02, -2.6671007883248332e-01, 2.6671007883248332e-01, -7.1177820798647831e-02, -1.9553225803383550e-01], 
            "tabulate_tensor_1_0": [1.7545984163709322e-01, -4.1376901003671612e-02, -1.3408294063342158e-01, 4.1376901003671640e-02, 1.3408294063342158e-01, -1.7545984163709319e-01], 
            "tabulate_tensor_1_1": [2.0636185484700970e-01, 7.5120019947988836e-02, -2.8148187479499859e-01, 2.8148187479499853e-01, -7.5120019947988712e-02, -2.0636185484700978e-01], 
            "tabulate_tensor_1_2": [1.3408294063342138e-01, 1.5405693092565498e-01, -2.8813987155907639e-01, 2.8813987155907628e-01, -1.3408294063342147e-01, -1.5405693092565484e-01], 
            "tabulate_tensor_2_0": [2.5057124347045495e-01, 9.1213159630919652e-02, -3.4178440310137459e-01, 3.4178440310137453e-01, -9.1213159630919471e-02, -2.5057124347045506e-01], 
            "tabulate_tensor_2_1": [2.1304901882535404e-01, -5.0241172445025392e-02, -1.6280784638032858e-01, 5.0241172445025573e-02, 1.6280784638032864e-01, -2.1304901882535410e-01], 
            "tabulate_tensor_2_2": [8.7763397090126372e-02, -9.5847752260485253e-02, 8.0843551703588812e-03, 9.5847752260485253e-02, -8.7763397090126483e-02, -8.0843551703587702e-03], 
        },
        "default_vertex_integral": 0, 
    },
}
